1181180
1488659
30129
1141274
239958
1325549
1034711
464218
1381033
126734
1269980
1275603
1012041
1261036
345871
1105332
125307
208026
1009766
153263
1376338
1420338
1048402
119895
1526416
1113339
1501211
219998
1041123
1142942
1393969
262828
1116180
1221650
153689
149336
1442667
1211084
1478361
187914
1415084
1440135
1112932
1480453
216527
1013589
1181010
1114769
1479826
1376028
1235376
1490896
1066721
1445122
1512605
1269929
1049138
1050432
1585192
1404196
1079242
1475909
279132
1211469
1350533
1214958
1473705
1299743
1015303
1004612
141108
165556
1104548
1042827
1368649
231129
1462965
1484085
1138542
1356423
1525474
167214
1138577
1367909
1385296
184462
1389155
189216
1154709
1120183
1412927
1012333
1155817
1528949
280734
124807
483622
1220855
181242
11452
1011454
135652
1098286
380177
1309720
1357099
1283008
30536
1456761
1088048
1300786
163272
1118600
1014154
1017211
183427
1009344
123805
1424339
162581
1111645
1400397
1066824
1011368
200825
1526523
1522877
1176709
1166305
530851
254164
123019
17752
1075096
1521087
1529567
1509770
1004461
1223991
318289
21525
1520535
117501
1543710
286300
1280546
1105063
1489838
1212449
221570
1016261
1340815
1585028
240812
1009663
241784
1511103
1093965
148408
1177365
1488996
1061643
137761
1578221
1020832
1124550
1385627
159416
247387
225906
1446672
1262096
1558165
164400
1504813
1168429
147311
1358727
1105159
1043331
1181721
1493859
1087185
1533241
1317221
1043319
163564
1593321
1169806
1058756
466688
1248099
1074641
1106201
283356
1478067
1412235
133979
1410738
1379305
1127289
1135362
1160380
1544560
1072208
1396011
1137582
1078503
1355887
1301973
255166
1556277
1163081
272501
1218779
1205148
119566
1437917
236846
1054091
128544
1086973
1279751
1447260
1529444
1537400
200192
106813
1129918
493547
151798
1074587
1170985
1583470
127326
1300338
1377881
1311811
151996
1556623
1110125
237035
1119550
1271808
1308815
1077282
1239642
216590
1284518
232962
1173423
322699
303939
1027846
1547643
329565
1172837
1387113
1039940
1270611
1076853
1429794
1458796
11506
1211139
1175419
1481277
1411169
1004366
339146
476534
1459332
109895
1149111
1257118
20545
1062194
23220
1568569
1414809
1451100
1068172
1068099
223317
197236
438117
1277940
1297409
370552
1114373
1350382
1325438
1526746
146614
1440176
1179170
1484542
456377
1169632
1117594
1177963
223828
1568282
1142104
238586
156563
1192141
22906
162108
1232656
109643
1051892
1072379
1170924
124092
101071
1003878
1218434
1504732
111996
1529173
29600
479823
1535469
1275120
1452847
175549
336631
172041
244566
1327609
264318
341519
1306661
1048559
296175
1275948
1247524
1481092
1138226
154556
1418144
1374730
1526622
215747
1223874
1208833
1466839
1140695
1491688
1317312
182775
106844
1527471
1280989
1436843
1489489
1170119
1134179
1018717
1359436
1474864
3329
1205896
1497137
1326514
1032179
259426
1408878
1540084
102686
1111000
1000361
224236
1319201
1410566
373103
1427346
1032545
1304974
1181308
1485613
1315579
1505903
100423
1460770
140980
1206656
198906
1033261
1223864
1250657
1453133
1541696
1289210
1427280
34841
1416246
1094276
134424
1583537
1244928
1324761
1419020
1223697
1324626
1286024
1229540
1527852
122422
1310770
1301152
224446
1500987
1427406
229302
1053466
229212
1492523
1511393
354929
1264014
181021
273166
1545405
1433945
1381534
1401580
391717
167469
1390396
232472
1110485
184316
1316306
1190006
187867
1375113
1317620
1323233
316948
1384509
273718
1550516
137894
1111673
1567953
33662
1312358
270824
173572
1169505
1024666
1276127
136129
1155606
1203079
1343191
113064
1520253
1383851
1015466
1028299
21098
1002697
373326
1071218
1861
1095807
1357622
277938
1127907
1139522
1207824
1098761
1475006
1191816
1463743
1312356
105244
187109
1453886
194524
1410075
229132
1165316
1359107
1246755
1503626
1417917
1039815
265983
145396
1039141
1131763
140438
1320726
1356660
1209900
1315522
1319044
1168017
1493228
1000688
1051375
1203241
1468196
14773
1114217
10997
1454103
110555
1046160
1386215
1303960
1480851
1259628
15775
1265296
1329467
193271
1182791
1244027
1243984
1452554
1478547
1099413
1398797
189144
1225155
1296714
1289052
136478
1450835
253763
1356815
47691
1539302
1039580
330504
1010411
1336974
1309376
1400765
1025922
1013407
1341685
1099130
1129535
1480500
1533253
1266384
1431666
1006245
1045362
225792
1295769
38175
1380746
1095803
220596
157651
167157
148573
1366610
1018878
1499672
344100
434304
1010811
261955
1086048
136943
1012968
1412710
1003116
104790
1095288
1083783
132131
1372362
1030681
1429557
220921
1355766
1475284
14479
1147715
10835
1395402
1267940
138367
152633
1585007
1279659
237432
1028301
1036656
1319825
1225965
1141976
1583819
1434523
1485723
1118724
1155367
1277956
122854
1084764
1408536
1488457
1094051
1443025
1563061
142801
115357
1022929
1304932
193274
1174900
1577340
165217
1408478
1060959
174549
1110715
1128911
1542021
1166709
1429828
109627
1183887
134064
1014172
1466603
136653
1460446
1124575
1246096
1084540
1422682
340316
205781
1328600
1310897
1491192
35843
1576416
1093860
235419
177855
1253635
1088569
197411
1157666
301692
1238963
279217
21533
1592328
586979
1250972
1420657
588878
229479
1417653
1394233
1365935
1531933
1102483
189210
1073123
13405
1090920
1489518
1141151
1485684
1051568
1435162
16352
1335231
148751
1316545
155641
1350388
135098
1130198
126084
244651
203745
10026
154259
1259361
1023344
1017594
1481304
1142494
1266305
1148832
1324473
1035871
1003389
1129193
1435225
1192574
1280158
1337734
1377595
244575
21839
1230984
1440465
1382007
1005870
52617
1268575
1262369
301899
1394354
1289144
1128489
1243913
1357120
1382994
376706
1185448
1001185
152690
1010095
1234978
14719
1254806
1134131
1076298
1355485
1578093
1554781
1537381
119929
1038820
193508
1420658
347425
1385175
148780
1482771
1464750
167795
1165092
1331065
1211830
1361800
1069417
1022645
23272
1188683
1533831
1052967
36334
1504909
1518919
1398323
1134769
194729
1273364
1258567
1107311
1389544
1503965
1282368
284560
1119932
335228
1075527
1174614
1558345
178655
1442624
1173919
1463062
1055035
1327776
186398
213677
1168704
1364225
1406809
236923
1049496
1115150
1298156
31150
14666
1342271
221484
545748
1078115
1253634
1040448
273948
1101858
1380217
1161590
1391473
1456040
155402
204351
1219533
1001184
1024483
1397333
1037068
1347666
1198350
1129512
1204778
225070
1237235
109626
445701
245155
1353873
1104742
198122
1185852
1480499
1277957
1093611
1088079
136479
1247451
1108629
234701
1201069
1344718
1015406
246557
359498
1005485
141398
290401
1267557
1456919
174065
155914
1216248
1497316
135700
307943
202493
1085188
1085190
1237313
1325260
154711
1187233
1039218
1578091
1556687
147899
1296075
1413477
11025
1028163
1035349
1323439
1447283
1359381
180216
1288311
1057112
1564392
1105766
162008
1274440
1234034
1123180
1573678
1023880
114827
1178874
1064810
1011821
1186715
1199090
1108077
284821
1099501
1334363
1025048
227748
1235396
1395169
135792
224794
122547
1295194
115043
1049080
1462690
1424818
1326569
1386482
1371677
277108
166417
1173766
397120
104978
1212840
1168749
1198996
358156
119802
1444520
1499118
1154051
1587994
125862
149585
29339
1475851
1247730
1457006
1191027
1280
1056149
1146516
1287877
1123838
1516488
1321714
1189265
1418157
1375539
132338
1526384
1548236
1103376
10829
1336752
1382512
1132672
1229866
1115151
1552375
1021702
1255942
1135196
1540675
1238706
140085
110777
1060493
1136914
1299766
1139542
1536973
1223057
199954
106540
225046
1203081
186036
1270360
1135747
1395700
1210205
1050789
1223301
1284633
182922
1012559
1471831
1411925
1325100
191372
369900
1144229
1344990
1155315
243943
1079122
1002662
1570181
1332443
1526039
1106023
354315
479385
193364
1569281
1145873
1288863
1313047
1255277
29536
1253687
1325762
1394402
1425798
154886
1413772
157680
1100985
1219112
227937
304919
1382195
1321760
1377941
1408
1351118
148477
1297285
1498661
1451734
1062281
1143212
192641
1158061
295073
1150937
1424176
1424411
1413771
1177634
1034164
1165837
1394044
1102105
1226271
1154564
139866
1079445
464146
1375428
135236
1334449
112167
1391481
26255
1139443
1077102
279817
1553024
1164587
1299044
1067707
1220879
227704
1336445
1124960
221876
1403474
1127616
1261568
1017046
1505290
1406603
1368979
1124444
1401937
211216
217317
1168562
1376174
1183365
1248179
1488144
14421
1477604
1347676
350370
1360757
1450485
1486105
1014578
1215334
1406602
1488920
1541187
1082929
335639
288166
1101118
372039
1015856
1514251
1532032
1113447
1225745
1180742
122927
1204516
1344686
1033083
1079284
1415821
101460
1503479
1127615
1329707
1097936
1535066
1208596
178659
420651
1112190
362640
1232437
1169927
1497258
1009607
120517
1418084
148731
1435769
1548002
1489787
1466909
1230457
1118204
1459168
1273895
1457792
1304409
1348933
159801
290176
1423410
139867
1506651
1077319
1088118
289141
1032814
1571086
125803
190689
154845
1164393
1333483
218515
1317397
244706
1326312
1318314
1214083
254485
216837
1004478
1121856
1231524
1572241
1020892
1146319
1274209
33001
1261605
1545721
1530304
315295
150638
1174810
1062689
1451874
1196901
313050
1003606
1315620
1433327
1581490
452429
1021054
1447876
1103019
277354
1254637
1103874
1161486
16942
133273
384494
1035563
1241698
1592749
1001294
1347517
1572049
1060926
115902
107197
1275555
1265639
1437041
125194
1067302
171959
1237794
1376313
1326525
1101578
257103
1443259
1063590
11010
1111937
1593413
1278230
1245865
1590961
1306986
1079434
1142585
215063
1545527
371301
1524584
1038617
1351811
1034283
1535166
1452731
1293358
1504684
1564498
1242906
1370946
1068077
1363755
1564801
1159737
297632
258930
1103797
217546
1233688
1517513
605428
1411900
1376260
1588697
1276399
1022006
1120962
1038782
133611
169794
1195282
163837
274017
1132232
1110299
1219588
261492
1370049
117922
149538
1342283
1305667
1236459
1163813
1349738
1378102
140117
1491070
1439966
1311536
1375091
1345242
1106430
1118833
1188721
1521374
1068649
286621
1385487
1323234
1428404
1019825
1490647
1092939
1222220
1515152
162127
1393461
1020512
479166
1076250
1234737
1168563
233854
1581018
1219109
1164003
1050994
162702
1241965
1317551
1134050
1276512
1375527
1310488
1450947
1276988
169478
312033
1441628
163977
1022165
1540364
1556028
1464344
1563129
1443244
1471368
1129765
1400160
1484661
1575167
1146968
1093829
126305
1108399
1392583
289978
1219895
302574
1588628
1255910
1588696
1539858
1368794
107724
28674
112848
1176844
1483632
1219424
1082501
230969
1206220
1432317
235769
1083226
1412594
1499445
1065890
105556
221928
1181902
1368215
422581
1455628
217232
1208647
1492107
152274
1337428
1280550
1228517
1422662
1177499
1282589
1570040
307887
1149885
1580284
412369
1084918
211362
356346
1079316
1017245
1275234
1478827
1403486
313005
1158081
1405842
246447
1339328
1434090
1384152
1294612
1113154
1084623
204974
162420
1586639
1501570
1438547
432165
1126187
322766
1020814
10794
232792
1506473
1571624
1180443
133656
190348
1113695
1404831
1006573
1104509
1272598
1053216
1518232
1015675
1564291
243467
139766
1293003
107424
1227506
1331310
1029614
1430454
1109525
1458924
1394367
1121009
1016318
1565451
1191038
282056
1042052
1341636
441155
140686
108408
225439
237154
1512287
324403
1091631
1237378
1572847
367512
1060024
1496390
1390384
1208813
172745
1011217
1043703
1399454
1226383
108185
1452737
1456530
114279
1438546
106314
1331955
1508763
18179
123926
1095178
1285537
1290297
273823
1592042
1340419
1309243
1300670
137199
257876
361483
1540954
1461541
1273718
1536539
1571309
1250807
1482798
1178158
17599
1428149
1332159
1337359
1090146
1186832
1471686
1084099
1054074
1273864
134110
1085787
1531395
336135
147049
289398
1082105
1027006
1039982
1197573
1107468
343720
1206605
1523032
413095
1552595
136975
1548506
190007
1119042
1244707
1389873
1278468
1474918
1290862
1358401
1535619
1377713
1286821
318459
1110744
1158677
1072970
362366
1254939
1169099
236173
1281335
1551659
1376266
1368319
1131687
131796
129770
1319873
1590265
1384884
200740
1028558
1073038
1017457
1559420
1107590
231342
1335047
1127924
1484976
1297927
1170759
13495
313385
180585
1527862
1391670
1207267
1183163
1101735
1006093
1484864
1067490
1328648
1083501
349102
1475157
197909
1515249
1320392
1395823
323956
1224593
1031210
282787
1046739
1112607
1362643
211819
1463493
1233680
1097335
1370935
1104337
1390251
1588072
1215821
1032259
157543
1151035
1391453
1074716
1221212
1301869
43745
176934
1166657
25749
1302750
203765
1448363
1536097
1255332
1266884
1175087
1330514
1104307
1483303
1259895
1111738
135737
150128
1228109
1537632
28631
1065154
1131980
134858
1330895
224823
436806
1222480
1458556
1235677
1433793
1243174
1504763
1312669
1402864
1011763
1018703
1191423
1550058
1260222
1305056
1169918
1339367
1041001
1121724
1570336
1125090
1052316
1391992
1074717
116700
1514439
242657
214941
1229588
127153
171246
1260012
1572359
24989
1569746
1379121
1411116
1287011
1355963
1062666
1130457
348421
361914
1261998
1094602
1063096
1279121
1218287
1247215
1355761
1140499
1280747
1371285
241071
1180629
22359
1567302
162385
1282246
1586031
1327868
245403
1027905
1184406
1114076
1280748
1317294
1055927
1265580
1538208
1316577
1187656
1532609
1469138
1015108
1541774
1248961
1436505
238705
1148112
1335855
1335867
1070093
239567
128899
1250588
1188612
407555
1430462
1015853
1551988
1590920
1135990
1080450
1452382
1015842
1138610
1467164
139520
1143232
1150351
1068034
298921
152424
1517971
343897
1074971
1552181
27848
189789
1488595
1053183
1284382
100074
1477917
1219587
1089924
1181838
222159
1268134
1169331
1078708
1166119
1480977
1383127
1469337
1251313
1348843
100507
1261212
157740
1355849
101096
221474
1413552
498448
1385675
156930
1001621
151897
1181330
1207688
1389478
411422
1122985
1558650
1250287
1378029
1574438
1107690
1215359
1473700
1089133
1515577
1181328
1579409
1490601
1430596
283226
1097773
1048152
1016349
1325719
316056
1592192
1028923
149576
1291569
1567315
126808
1453395
1294696
1259136
1575748
11530
1426239
1097386
1064292
1274275
277770
1104032
155276
1393055
1025575
1586796
133155
1590687
1166711
165113
1194404
1453550
1394912
1366385
1389871
266626
1223827
1119388
1028578
1045420
123262
1059963
1523966
1359410
1453901
1412864
213417
1409661
1346972
319005
136073
1448147
1215984
1156021
1571611
174793
125069
296600
210393
1098829
1436569
1276091
1003512
114102
194
1499336
1237651
1153034
1006616
1006614
1159335
1227503
1199850
1136510
1426910
1159271
1278663
1407601
1360805
1234828
143865
1583723
1043162
1202461
1208063
1378517
1272985
183973
1174253
194062
1334236
1057127
1279482
1403866
1279215
1383356
440416
1190136
281843
1513279
1232607
1128870
1198079
1179267
1413328
1149761
1395443
1460098
224166
1279553
1539451
1153976
1117673
1061267
1106576
25909
1317170
1343590
1229424
1019758
1311042
1150123
1124873
1206181
1443641
1138236
1236086
1592112
1392865
1182106
1099716
1531847
195770
1107663
1096660
372597
1453904
1539959
1129129
140733
1199966
1096096
1496343
1521367
1296850
1172978
296639
1502617
1466754
1007737
140827
1549799
155932
1364960
1240586
1133103
1227469
115721
1116812
121167
1265839
1451669
1205247
1590983
1243122
1055544
1231523
1044184
1377001
259900
1174778
1460332
1584707
173649
257155
134665
1416829
1255041
1299144
1481233
1261903
1490433
1019753
1214628
1186096
19218
42490
155028
119004
1009459
355178
190078
1297304
234215
211386
1225979
297186
105210
1463595
1459587
1312890
1568510
1449742
1053006
1139821
1323617
1030563
1317095
151040
1206917
187122
1204435
1365563
297026
1030806
1216354
175637
1447630
1376342
1183636
1223681
1400777
243589
1196021
1268307
1312652
1260071
1155451
1587347
1198023
1576993
197741
1537094
1188241
1319266
1308916
470864
1051693
1250315
1314570
1260116
1061581
385498
1113034
101566
1111011
1544897
1559372
1332004
453049
1471842
1494280
1078061
1466675
1457855
1193622
15188
1578526
137067
1085101
164762
1201975
186859
133658
483511
1162629
1301727
1305819
156294
1085941
1192426
1182847
1481693
1136964
1064714
142896
1356597
1298787
299314
1177263
1442237
1394019
1120005
1270079
1054096
1363911
222074
1140769
1237637
1368427
1194236
208327
430676
1484325
137645
1587996
1321913
1335980
12910
232297
1137729
1441376
1485841
1435074
1279586
1576584
1544948
1547689
1348323
1190939
1469729
220027
1120762
1192220
152639
1337604
1384305
261745
1529088
1130631
146206
1555915
1226052
116890
1073988
1151544
258538
294908
20649
1267231
17798
191192
1268561
1500313
1462941
201454
1245497
155464
1300385
1087455
1429294
1429292
1325328
1148570
415641
20127
1066930
1014339
34766
1051491
1038454
1299979
1167114
1196724
1049130
1091203
1236641
340
1355151
302587
282249
1421352
1470808
238070
1470806
245400
139393
1095634
1565750
1378369
1106035
1069158
14036
1127263
1123479
1507975
1409480
1293030
143926
187486
1193807
1187812
1420053
1219024
1161485
1468379
181191
1561441
436723
1133396
1189969
154032
1394493
131957
1302148
1215401
1535807
195217
1403721
1555014
552383
1449935
1563520
1489723
1050434
1346873
1313595
113576
1555922
1078035
302585
1272639
1476915
1092546
1348891
1404556
1230936
1428803
1458900
145567
294412
1482775
1038941
381497
150966
1234597
1305199
287887
150814
174130
1469302
1455389
1539053
1484073
1349413
1083774
277688
1380158
278262
1106945
1044314
102980
145835
1225507
1075875
1184313
1262989
495119
1298276
123962
159830
1506199
1193585
1469742
40218
1084049
1402996
234898
1019487
1244106
196698
1133180
154423
1045264
1511482
1280860
1252903
1412814
1079176
1306990
16246
1183862
1179142
1584597
1591260
1527441
1449243
1270298
291926
1263324
201542
1297690
147666
1443051
1450701
1572940
233194
1240920
1164177
1201616
10486
354538
16085
1574313
1215358
1080848
542521
1020439
1104023
197538
1343747
1332632
1395858
149039
1427545
1421631
1580041
146587
1177422
1177057
1592891
1501410
235296
1443487
1402329
213892
1275049
1390749
1464461
17819
1380907
260854
1025077
1454721
318977
1250684
1163843
1132835
1393838
106681
1371013
1057936
1572228
248111
1065782
231929
117381
1481555
184678
1025260
1263775
283614
1449965
1322014
1591839
306195
1590854
31464
1508707
154804
225247
1114455
1079180
1255359
1514787
1389510
1378450
248143
226843
1262995
1158142
1151671
1202055
1263125
1128505
1410635
188149
1016155
1327521
1213622
107283
217256
279172
1470115
1586784
230471
1406694
1386629
1063392
1303211
1412289
211163
1072391
1157915
1175573
1515497
1109947
1465331
1174115
1188759
113901
138338
1182992
394290
1516113
243111
1330918
1436494
243914
1417793
1588227
15250
179362
1558845
1128886
122982
1501774
1043905
1359609
1217960
20554
1520321
1266775
1086787
1461016
106186
1482591
1064911
1201067
1091178
162992
1018578
1574200
1503033
1024913
1058328
1245321
222103
1254493
1524742
1555923
1163551
1138048
1210802
364891
1356150
288867
1266220
215187
1106394
1069361
1506718
1199588
1228988
1526454
1347373
1078068
1188452
1312048
1258449
1508744
1082846
1520264
1495615
1212008
1222942
1416370
1283247
1560525
1190583
1022461
1358316
1032039
333632
1124876
1450901
20039
1013195
1475594
1178019
168464
1249286
1216039
1481043
2540
1226533
144325
1157555
1048663
1319353
622663
1352034
1498971
110126
1358261
280126
1477473
1042294
1343131
148347
1472015
1302092
1478324
1262776
1194551
304422
177299
1236117
159487
241076
403623
1443560
1287445
155879
1064060
1492310
301124
1114491
1118230
1071990
1385474
1590154
1043262
472847
1016410
148472
1152040
414290
1387556
1374554
1081387
1155266
1139544
130487
1010243
1010241
1093567
1575736
114486
1191201
1453911
1053644
141674
302088
1141152
1259573
230751
1234515
1099352
1557657
1268226
1113044
1095687
1289967
187806
1363772
211821
111114
1506516
1115776
1432803
1291593
1290538
1230917
1011436
625101
1232128
1070799
1444163
1396276
1468322
1384099
1278311
31902
193106
1215286
1182150
1002065
172073
1509131
1578020
36287
302839
1295773
1191828
1058725
1123773
190360
167163
19296
1435674
224858
1192061
13935
215368
1181686
1001940
1535638
1327695
1545789
1517225
1392068
1372102
1451488
259444
1363773
465358
1207897
1461077
1028500
1029341
1163162
1580643
249259
131570
1187596
1382621
1187617
1108811
375880
1291508
1217858
422278
349477
1380119
1088757
1292631
428889
1068970
1508407
1304557
1126097
267795
218213
121088
1202886
1103170
1344993
1325147
1162241
1098944
1222281
1306032
1440622
1009080
1123286
1067249
1144455
1233209
1249771
1251093
1126592
1401391
1419188
439694
372810
1150151
296719
1252631
1344274
1008907
1016750
1194659
1202508
1217129
1503829
1091857
1547363
1378356
1493430
1199183
130410
1394902
178886
192867
1494514
161412
1464565
1219616
250069
1034059
1421104
29552
1169196
1301660
141673
1537599
236823
1561286
1317794
1174067
1432802
1162403
1034477
12914
303932
1307279
120703
101087
1192637
1077280
1359103
1239983
1084858
372258
203233
1278187
1137869
268240
1592923
1269876
1054744
1559837
1149878
1269048
1184875
1458259
1571644
204342
1467465
1295006
1156110
216144
1260466
361380
151066
11284
1215889
1037534
114485
1423203
1090587
1429771
293341
1155105
1244197
148059
1103288
1281480
214089
1279430
313468
1485497
1197875
1144126
1010855
1331769
1431580
1568559
1083094
1011345
310250
1088912
1581444
1353508
1222152
1570915
155107
1532980
125421
225682
1512102
1133468
1349155
1149128
1020094
1534308
239545
461122
1236871
1410513
290969
1004931
106987
130059
1424197
1472807
1259675
265519
1182637
1562627
1243117
1467088
1390026
1467598
1149874
1329713
207531
206000
1317432
1093743
159308
1232971
1188281
1483663
1551238
1124696
1530231
1506919
1459230
1350497
1003330
1303726
222353
375047
265643
1096946
1188600
1292703
169768
1073772
1479425
1328596
321262
1147576
1394010
147080
1037004
1296570
1588904
1270096
1592651
102962
1119972
1314834
1077998
1359532
1383844
15693
1171082
1155139
422704
1576056
239018
23564
1131488
156281
364012
1448860
121107
1020516
1549497
1376203
1261639
1463056
550976
1376560
1012506
113633
1101903
372326
1452297
1202172
371027
1238970
1311645
1274613
1574256
147549
1153051
1483042
219104
110489
1396883
1446231
1259533
278434
1275445
1433575
368854
1441412
1547180
1030613
1357001
223703
361439
1185060
1096743
1553263
1203317
1171652
492678
1593342
222139
1350515
375412
1292600
1171391
152065
1112787
1577772
1130773
1122670
1544103
1528530
1286042
115739
1585014
1298873
1560726
1313301
1463573
1069975
332886
1090749
1577598
398150
1532916
1535301
352829
163108
1436438
246793
1363340
1417141
1033212
1464176
1158592
1016316
1097887
1296894
1149815
117544
1234469
1414513
1003341
1084856
220160
341465
1011510
1181569
1476408
166050
1464797
1001851
1271187
1506659
135187
1225229
1403965
637517
186071
122876
1419193
313689
1546346
291003
1075437
1001729
1353855
1357497
1224633
251414
1425744
362042
186245
297385
1472530
1233673
1527672
1326273
391830
1340377
1441683
1246334
1342979
137306
1184625
337985
1218308
235438
1591886
16303
1586940
1001632
1432539
1480673
1156833
1454243
1138644
1429706
1075628
1421373
1512015
310824
215814
1419465
1261311
1150841
437251
171919
1047548
1122182
186653
1048893
1563655
1570324
1209275
1121192
1050795
1535433
1423559
1024326
1401144
163532
1390417
1530902
1209337
1528331
1369195
1543950
1537460
152083
1136321
1010912
1052617
241459
124557
1024540
1134897
173142
202450
1286931
1155487
1281461
1000407
1426215
111365
1018753
1251881
136616
1591239
1369398
1057334
1203803
1579744
1486708
184394
312724
1312222
20986
1023045
1395466
1043642
1529632
1536860
307283
1534387
256618
1186959
1504557
100504
1140375
1008147
1138469
1223419
1051787
1507806
1168625
1385384
1040248
283443
153551
194081
1484883
387499
197952
1436832
1305800
1355098
1104905
1400770
1395239
1554209
227289
1114943
1028565
511878
1011046
1319905
1237141
1381557
1247961
273644
1578953
1166824
1190847
1585521
101347
1005139
1179782
1345265
156055
1429376
1157237
128762
218308
1394175
35196
1004221
1588909
1338590
1263143
1057585
1304146
170618
1408345
1073348
261903
1521787
1132199
1274257
1325220
1143744
1057492
1550698
1082442
1559295
1396376
1537915
431945
1549638
1518823
1565416
353597
1478188
1273176
1110112
1562480
1432074
1506207
1261787
308654
358561
1371277
1028117
1489337
1367895
1175190
290846
1274454
1131840
1170499
130314
1108027
300231
1128668
1500058
1119112
127403
1109784
1182134
1320188
1351439
1430380
1005398
492010
1199374
1453244
1383268
310635
1151829
1441678
25038
1474275
1318018
1010014
1020149
1005002
182538
1044010
1507921
1295691
1197905
1258642
30540
238493
17353
262247
1238557
1050008
1551813
1114897
1084468
1503552
1059968
1080995
1172685
1141324
1111675
1111373
1374879
1316339
1139175
1153675
1521955
1001596
428643
1226453
1343751
288362
1411986
1358335
1168266
1229145
1043775
1388832
495921
285205
1116136
1463714
1481607
1223970
131625
1265192
1090240
1172967
109501
1076760
1370965
1301266
1014570
1032122
1410020
145770
1171188
1037024
176689
1175514
164219
1145771
1022464
1055949
1400550
1341358
1355757
1124364
1128712
1591240
1261770
1231014
12814
1498999
1436781
134447
249758
1177727
1508196
1449542
361728
1542922
1296038
1335055
1055527
1188780
1556118
1067963
1177089
1497045
278396
308895
104527
255861
1585933
1380944
1560087
1192424
1226173
258650
211178
155458
1195389
192839
1565494
1425567
386278
336431
33961
1544040
222563
1452542
1408195
1333587
1263223
1524322
1443608
1351655
1366533
1438285
1152224
1494880
1148047
1436196
1495625
142106
1221085
1587091
1077205
1385088
1216429
1406079
1136838
274401
113581
1197906
1169531
1548176
1437241
230028
1238739
1221011
1389085
213961
273168
1340412
1405777
272646
1484124
1486185
1373667
1310960
1283857
1423848
164800
1490666
1019131
1476126
1549652
1266559
1278436
1440022
1373254
1555888
16604
1431946
1231679
153987
1378950
1267589
1373681
1142266
1292032
1502004
1567915
1573502
1369246
1017725
1571890
1582142
127764
1360493
155809
230395
140705
1048847
1376912
1194243
1173122
135437
1355171
1202084
1109477
1160891
330513
124027
1307101
331027
203292
1223981
317420
120185
269059
110902
1043826
1513699
1385736
1104502
1302387
1221090
1263258
1533856
150124
1214074
1051081
216818
1523030
155397
1496829
1560683
1373336
1233610
1186019
1438670
1245514
1018420
1433065
1126350
1558325
356154
1245174
1347133
1137122
1140095
1386163
453042
1341667
1050198
1254207
1108866
297576
1439854
140848
1149275
1090041
1013482
282840
1018819
1015644
1023539
1069079
1389985
1010010
1112668
1175863
1531480
1475113
197953
1019106
14995
1309065
118009
1542731
177978
311849
1105630
1070306
1344441
1007043
1278739
1043636
1565495
34474
1359875
1366534
332010
307284
1504558
1015643
1209794
1329696
1026292
1228506
1444646
115915
1452541
1260373
1205354
330847
1385229
1297841
1065562
1558326
1528232
1562354
27749
1325704
1136395
1558043
147858
1405937
190145
1441679
207186
1028325
1077920
1328622
1352823
121495
228535
172315
1341271
1093083
1464203
344129
1523347
1176516
1477212
213944
1443609
1000803
1386161
1131969
1089607
1493269
1376440
1491851
1011714
166520
1241892
1029965
1082506
1503271
1328530
1026729
1321067
1387616
1378689
1581668
1270412
1525993
1348743
292733
192755
290298
228728
1277807
176391
1000334
260033
1071527
1380137
419605
170262
1559938
1502148
1413392
1587420
256927
1313617
1065238
1344479
1288624
1561941
1098461
1590247
1395748
1160638
1340011
20684
116582
1303488
1013395
1221625
1309002
278028
100156
1466553
1042704
1030395
1197747
1058192
1498118
317526
1170330
1256903
1176517
20551
1010133
180232
120628
1401179
344948
1511171
27464
1499605
1559080
228856
406579
1359877
117135
1416508
1218384
291265
108597
1227686
1316604
359609
113255
1052972
1209546
1348293
599223
1526798
259951
1225053
102553
290007
1582069
128867
1382044
1003917
1332581
1520935
1272285
1464077
1272215
1226107
1113933
1374555
1379006
1123849
1558132
111221
1027583
1507411
1170146
1274154
169838
1501258
131154
114267
213945
1162606
1043618
1156436
1407153
540456
1309768
1058834
1308270
1127155
1235159
1060620
1033230
204069
1296530
334865
102952
1504714
1490333
1244982
1279068
1185347
100341
1015068
1240929
1440429
1481642
419225
1557876
138097
1428384
134695
1262628
1237448
1585898
1000320
1105154
334627
284049
15214
1491022
1334941
1166740
1220417
1541936
248942
1283266
1503273
1389073
1010622
1196526
1435015
1251853
149816
1095232
1274671
1574490
1568237
1140336
508234
1321066
1160622
127261
1191553
1319306
458198
1108598
1367342
1518061
1476967
1449947
163584
1278018
1227712
1164943
1396959
1068143
1178507
1018842
1328884
1437310
1220416
1071619
160270
21113
1421618
159858
1291918
1237847
186650
1210638
1305732
201798
1280237
139039
1232257
1095032
1142699
137627
1521338
1072851
1274088
1075578
1104359
260159
1248243
1179531
1275219
1066786
147897
1016560
1328080
1456362
1505680
1551303
180000
1179409
203686
199046
1260744
1118223
171508
1426093
1074815
1184937
328361
1270924
1509563
1006698
270805
1538899
1194092
12776
1560607
1164890
1027057
1560854
1263746
101526
202060
1591082
1432325
1223740
1238942
1333096
1042795
172879
1252880
1494777
1249741
1537756
1514210
1246898
200361
1008469
1310862
1378173
1227054
1103599
317102
165957
186134
1458554
188744
266127
289430
1200135
1523938
1479047
1289925
1580205
1405793
1109859
1253464
1379975
1581781
1106159
15365
1057529
184427
1171052
1130000
1404974
256830
1521207
1441237
1127810
1277888
1064711
1272948
257233
1051591
29368
1426310
55409
1091661
1130837
132904
289993
143269
1176627
142649
1544337
187612
1105528
1191388
1553533
1554485
1527918
1571080
1102618
206229
1344676
1480560
1318764
1134828
1518533
1195751
1429001
1347234
142016
1232367
228933
1588143
1364936
1135401
146810
1450343
1422091
310172
1523050
1006856
1326829
1336355
129797
258438
1491551
1213734
184906
1505701
1162131
252055
1100741
1024832
1342882
1416219
21740
1004299
230420
127184
22164
1237309
1116478
1038093
1444957
1529430
1077717
1017169
109052
1253800
1392391
1022409
401477
1217126
137703
183178
1310694
1493277
1309175
381111
1199047
1084849
1317144
318376
130505
1455112
1464411
1042829
1198045
1024524
216053
1023467
1085976
1257387
128915
240877
1339731
198440
1503052
1416804
1266632
141697
1493288
103293
352143
1122190
117609
1245950
1151921
1044862
140379
1014466
205315
323137
1298288
1204942
1168436
247275
1018462
1035635
120756
1510652
186455
1530157
1090881
1364687
144433
1134965
1476036
334880
1366493
1247047
1473741
1482030
100940
1041145
1550031
1034471
216503
132845
1198245
1423184
1205184
271467
1562874
1082702
1172721
23988
195599
1546467
1513017
1130025
1476053
1171380
1180045
1517032
1393052
1520015
1537614
1159317
1567528
251413
206968
1056109
1033807
374453
150798
1810
1190569
1311164
1457629
285451
1222349
1173771
33938
1077768
234956
1087500
239086
1186133
1137741
1516799
1437525
1029014
1512040
212261
1486849
41497
292712
1059283
1238231
1080202
395138
1312483
154890
28072
331483
1456255
1225597
1026041
1552009
182221
1240639
1188245
1287715
1154683
1466363
1050048
1447453
1091220
1119152
1316797
186472
1105246
421620
1547400
220532
1430789
1591631
1455475
145644
1485576
325071
152062
1399365
20718
1450880
1341594
1496316
1040616
1581558
520004
1041509
154885
1036685
1283823
500616
249172
1455322
1270869
1186023
307546
1071200
1426916
1424286
1400056
1270209
1083064
1252762
1439144
1248116
1517992
1367345
167285
203988
1176498
37660
224117
1268379
1240004
196000
1257546
1521974
1436995
1442179
343207
1342560
1042270
1249172
249934
1395536
160830
1208336
1291149
1522357
1119546
196749
1391480
1045204
1489117
1222491
213851
31607
14571
106673
185213
1252888
1483851
1494021
25513
1356461
1143714
1537303
1546098
1313186
1055080
1038770
1042444
275377
1223858
321704
1462312
1333188
280931
1236706
1298130
1336507
1120021
1285882
1424285
410526
1194977
1306453
1418910
1022783
1213477
1171834
1339851
1476035
1384957
1546443
1367344
1024442
193601
176020
1117378
1276566
1373852
1066889
159049
129682
1140528
275093
255256
1120191
165977
384903
1302810
1369245
1476064
375046
1385162
1197363
1377853
364289
1177491
1503272
124878
1319773
1428547
1246382
489334
1136815
1448054
1252330
212541
1151774
1159609
1263590
292300
1159412
1315917
1094904
13359
127880
1330085
1322346
1531711
1189514
1439124
1540256
115337
1140518
1331905
147075
1387168
1130295
1283289
153318
1130297
111538
1280057
170746
1058097
1145454
1384294
1388281
1308671
1134477
1081446
1256431
1393330
1587400
1102275
1132915
1428567
1528305
1329856
1346434
304150
1209777
1532038
190269
1493454
1241558
1547858
1583737
1385653
1334991
186140
1038351
1396478
1260003
1295392
1246721
1496699
1068611
1341658
109681
1528943
1512776
326362
1010456
1312339
1433281
1255403
1192348
1526189
1473022
1421605
1452841
1565540
1114239
1266329
180112
1568947
1238006
1251069
182383
1327108
1019291
1230632
1510774
1444748
1517672
1220704
257232
1486629
448352
182178
544803
1174059
1519214
1288443
222100
1137157
374296
1246963
1478602
1393329
131118
1303528
167103
1338147
1366802
573170
1211109
1223402
1147363
1425422
176064
1204404
129981
1533543
1052415
1099385
248406
1156278
282681
1266252
397552
1549532
1397707
1570415
1503263
250855
1299929
1486942
1337061
1143946
1005012
163992
1239381
1486941
1143338
1204403
180906
147379
1203950
1585503
1066711
213228
122325
1231966
1407384
1419210
1533542
424755
1276348
1218653
1269624
1275060
1301225
614499
202823
1452310
1221455
1008167
1267931
1085928
1058474
1235454
1213408
1074052
1323842
1236589
1342586
1373047
1274914
1445048
222590
1062650
1209888
1166372
261084
396514
1018245
171622
1234272
1476278
176063
1417227
159727
1300350
1402354
1444946
1414973
262543
1065142
1556153
329355
1003440
1074378
1522450
1014486
1443078
1358708
1434668
1348502
253047
1331139
280603
1331094
1056821
1168686
1189412
1163501
1517702
1373069
1518006
1567438
1362917
127947
201102
1365702
1058203
1553243
1016146
164018
341589
1123239
1316319
1331102
1328525
1269640
1220867
112184
1073278
13322
1234271
346081
1236922
1540961
1393702
1481071
275961
1256382
1015754
1469008
1135358
1330338
264096
1467285
1176542
1019025
1168190
38199
1362564
167456
1071700
111170
1371688
1213023
1477788
1113403
1019169
1029407
1121646
150913
1280071
1147448
1484219
1214578
1016123
120880
1376924
1107506
1357042
1330346
1360095
1341869
1380738
193293
1508276
1434250
1371763
1428876
1167332
1395354
1154411
1364298
1185288
355019
1345976
404531
1338065
350813
221453
33767
1288623
1065239
1498128
1282071
24997
1346892
1277806
126295
1289354
263896
303352
1317802
223893
1127287
1214528
1064324
1160637
1082441
1117414
1395747
208251
1351415
1127801
1064221
1401716
266536
162398
1345094
1170055
1306007
1518951
1401176
1010520
155648
1379005
179651
307239
1176354
1191752
1539103
1080006
1274569
1579568
1586443
1017332
1378935
1148031
1067614
1159403
1324446
1553575
238009
1113092
1473667
1414430
1213528
253237
169640
1227823
1511578
1231632
335528
1526582
1309001
291544
1161796
1133439
360200
1473252
1169243
1456665
267507
1060162
1187619
1050860
1503077
268943
1515129
158170
1033308
1386302
303672
1246495
1033860
179373
111715
1395751
16039
532205
1460425
1371125
480945
1273891
1180237
308631
1025143
1027577
1366327
1453852
1519422
1393192
1048181
144345
1067634
255062
1171452
1201391
1352205
1384974
1040403
1439215
1033252
235312
1293398
1306992
1090873
120627
158217
1186010
1132052
1383524
120379
311034
1548573
1116906
464563
147764
115265
1023172
1163284
1431266
1435016
1530687
1055585
1074112
1010621
1196525
1416957
1017919
1258705
1023998
112581
18915
1174446
1586349
1090435
1502147
1182116
1590779
1533892
1212669
1556409
1309769
1179801
203908
186001
1527907
1241890
200711
1438676
1071526
1288386
141865
1069456
181057
1107321
1194870
154336
1250653
1318395
1567439
1546660
196784
1325572
1257938
1033310
1211534
200479
1240275
1537251
1403750
1256902
1222208
1258791
1536055
1224588
1170331
1465282
103868
1035972
1321506
1047790
1592127
1306556
1013178
1297119
16332
1093474
1468630
1320555
1448039
1349480
203286
238424
1389812
1580250
154335
1218531
1009463
1072303
1555751
1584513
1561596
105540
1462900
1078990
1152763
1193898
1080052
1386618
1272585
300393
113622
1586190
1239814
1051725
1441476
1016163
1074377
366096
1551800
125675
1110331
1471851
1383437
1086130
1569951
277621
122273
1403276
1235289
1228068
1270216
233902
139458
1062897
1013242
1521515
1050864
1280474
28229
1534777
1158391
1561874
1229369
1158454
1062696
152746
1027448
17965
1150837
1449825
403219
1568928
1252658
1058313
1118322
1069991
187745
1423400
1034558
1097567
1506585
1105385
1203456
1099634
1209333
1435908
343922
139405
1581343
1003441
1045582
1074379
1210775
1509799
131429
1314054
1555190
1048299
1425390
151954
1335421
1023949
1195121
1534461
156678
173833
286613
1238544
1141146
1162426
478676
1012866
1316711
1422999
141380
1255418
1257857
1342941
1319332
24794
1335625
173397
1564769
108410
1337323
1143962
1189434
1225727
1408097
1193256
1208966
1347179
1213923
1187523
1262463
225392
189073
1016984
1294284
1140672
1010190
1442404
1444669
1236167
1000792
1076278
1469620
1496029
1357073
1083736
1392737
240214
160179
1029677
1230105
1239334
1524149
1535151
29831
1422631
1284975
1187120
205816
1333477
1078188
378805
1553768
1428224
1515535
1310004
1125469
1571582
1462022
1342568
1055484
1415350
1542175
1072061
1448589
1128516
1075716
1331946
1250791
1027978
1358852
1316003
1324561
1049429
100624
1380823
290212
155329
1559535
1577476
1017178
1466812
206072
1454005
1028710
1473802
202218
1478261
1415990
1045141
1410743
1547157
1007747
163263
1079358
1029456
1406300
1452289
1040695
1319771
1295049
1123294
1229046
1228754
1030040
1392738
1244274
1396507
1429559
1368421
1223294
142769
1311570
1168078
1078564
1291119
1090725
1140441
1113253
1174245
1562431
1496075
1067770
1454004
1079389
1415989
1547579
1587296
1110080
332752
1205098
1521745
1560434
1190834
1189959
1223170
1243727
1074179
1190018
1395205
38053
1440669
1271168
265839
1453724
1569064
1361522
182382
1115385
1008217
1060562
1560203
1088966
19261
1017711
1426784
609845
1179391
13503
1144341
1525375
1315688
1372115
1487204
27885
1559592
1719
1234500
1080982
118355
1302843
1017294
1038856
523230
219915
1397247
1537228
27247
1362287
1448843
170473
1207157
1424708
1570058
1419384
468655
1094473
1276525
1283875
1074484
107172
1540056
1589193
1142553
1503069
1220703
1582868
1041338
289714
1230631
1339617
1539636
284040
1517671
289000
1274912
1282070
1214430
1460733
1540649
1534025
1205128
1141148
1333896
1077914
1313175
180113
1528048
1283423
1007148
1431178
1147362
1387810
120882
1535510
1219305
1174476
202064
1360868
1568946
1507472
1072355
228801
331424
1370316
294824
1508176
1170931
269382
1103232
1239582
1088814
1585229
1014485
1189091
1474523
1115397
1206835
1332201
148961
1421557
1345975
1397082
1250167
1214406
1385284
1115117
464944
223439
1242489
1283704
1380739
1203831
1302908
37151
1253070
1516640
1503380
1404010
1443077
1174637
1355906
304528
1513620
1414974
137891
1026737
1014487
1464706
1106704
130110
1477186
1194230
198090
1316179
251374
1341870
113620
1081448
1003542
1068521
1476277
1325776
1449278
1272098
1548869
34788
1385442
1038105
1392115
1440323
1132519
1129061
1214579
1047715
1005931
1283040
1454074
347641
1266301
1016147
124680
113419
1109209
1302564
1210373
1050713
123860
1585749
1209670
1458741
145742
143911
1367535
1472416
1357041
1473075
1559129
1459322
1379011
1224201
127048
120961
1566455
1350950
166037
1442458
1443147
1318501
1518355
150145
1478317
1428322
1064576
1558788
1262769
1055555
1306626
265407
482904
150144
163460
1510975
1024494
1484909
1276854
1215975
1284334
1402214
1210194
1460269
1411993
1526011
1143599
1409452
1094818
380460
157688
1155318
335353
1474777
1119297
1210498
1048595
1431453
1151639
1054436
1589606
1559954
1409670
256253
269834
1064776
199533
120198
1463805
1239024
108038
1581640
1456938
1316094
1409801
1221089
1045555
104779
1152628
1488770
388710
146504
1088432
1014901
1158196
1288625
248202
1548695
1455726
1082925
1101532
45178
1188826
220377
1182476
131815
219061
1138335
1511170
1250011
1493801
117117
172995
1285920
1429876
261401
117238
1509511
315239
254513
1361888
1271130
110632
1303079
1083096
1413283
1046343
1206327
133099
1026508
1204507
1273599
1277440
1446801
1397359
1254379
1202832
1256327
179210
1201686
1297437
1337317
1556154
1249569
1500800
1413668
1035129
117134
157242
1167536
1210965
200248
1372022
301026
1042007
1529423
1542982
1551136
1483580
1368635
1030761
1580336
146569
372785
1153535
1201669
235445
380461
1123745
1290261
17130
1055865
1276334
1336369
346803
177268
1028549
1312727
17172
287412
1160804
346792
1558153
1235950
1013573
1495663
1014730
1189801
1530492
1053310
1333865
1071337
1104380
114880
1550988
1552140
1124940
1170245
1398944
1060369
1481231
1300576
349675
418615
1126204
1091338
1052653
1022278
1116326
266569
1545248
209110
290329
317125
1336556
1219187
1081078
1555307
1351546
163149
1193042
1130756
1474317
1372417
1433734
1343740
145346
189598
1278452
446536
1345048
1195072
140416
145659
1256383
1529437
260656
1431042
377469
1203365
1490902
1110142
154377
1292753
147353
1382764
1574046
1447990
1495751
1479039
1090585
1017326
1218958
1036840
1476466
190847
1227782
1564864
1240378
1386238
232122
1587244
1241264
1118234
1008356
1437356
1568391
1406368
1138900
1560411
200315
1237572
1084581
1342757
1562998
1510311
1531799
181272
1380171
1101837
1338023
170604
1409938
192812
1445580
182099
1409348
1113623
1561872
1330299
1191619
571811
1083672
255636
1541144
1173383
138096
1210192
1406124
1306813
1418789
1256368
324242
1377178
1172245
1061327
1403831
1035921
153902
1047284
1037302
1027073
1252725
1146305
296258
1444243
1164350
442484
1475084
244064
1578584
37916
1156038
1330875
266231
1390998
1051499
1520494
1196442
1008958
1543612
1309904
176874
1160108
1056011
1520495
1415138
1514822
1285197
184899
141559
1570850
1539576
395183
100870
1093758
189023
145582
1498373
286371
1487889
406580
1057854
247445
1563056
1038106
1074301
1547614
1306060
1262462
1203761
1140575
1310005
298181
1272099
1047285
1076230
1440324
1092693
1290531
1069087
1242537
272040
1220826
158115
1118766
1168916
1338194
216816
1515736
1349161
1366188
1332806
181922
1155959
194795
141158
1494601
1436174
247235
1548584
332702
1419301
283961
1122220
1028051
1227325
1164729
1220344
3534
1579160
1320956
107233
1582301
1541191
1570230
1221058
1089635
1307379
518574
1283705
1262464
1051389
1513621
398131
130109
1106705
1026738
1245627
367706
1056822
1458562
255605
1553769
1428225
264524
1103638
1459157
1237224
378804
122475
145780
1205318
1203808
1376453
258947
340421
213420
1465200
1072224
1370315
1062313
1523057
1589978
1513553
1026739
301008
1157151
1517826
1333411
144066
1143128
1445067
1092432
1542523
245828
1168971
1162731
1205085
1331140
179374
1088616
1101226
1408388
1037557
1516418
292519
340933
1291894
1498915
540673
1412185
1498235
1154542
1381941
1241559
472122
1209416
170595
18270
1079738
117349
1170163
293927
1446225
1260135
1255402
1107286
121568
1092134
1461644
227831
1456178
1087697
1408403
1362077
1134998
1005563
1393562
1022317
1320971
1446638
31524
1150369
1160199
119623
118623
134799
1473332
1522405
1336428
104869
1133916
1395555
1007075
1537866
1313526
1129391
1550889
102182
156137
1003393
1317219
1107671
366528
1568533
1154999
1040832
1129445
330082
1324552
1509821
11996
1362435
1244976
1450989
1136405
180223
1338811
37120
164128
1403912
1164542
397764
1532353
158004
423590
1480082
1507158
1328451
203964
287863
1012612
346981
1510854
174023
1193812
1279381
1092851
129645
1487499
15138
152080
228510
1261404
108505
127723
15471
1451084
1284388
156259
1317746
273935
1295730
110797
1104912
1007389
1362120
1259344
1161442
1236251
1220547
1392744
1515396
1490539
1301935
1022747
1347914
157684
1115904
1485295
1237029
1034919
237004
127585
1141399
1114665
1341443
1204336
122009
153139
1382559
1463612
203124
1329027
1533861
423096
1324541
291345
1305766
1521875
1021828
1046451
1414881
1173138
215139
1324543
140443
1044984
12612
35225
186389
1095494
178138
1521410
1540254
1292706
161385
1325791
1224688
24323
1281544
1449878
1187431
1434050
1522653
1588337
1023709
1406262
1201052
196265
1275242
1373947
1467679
150857
120850
1230084
1068252
128502
1439082
1125365
1127860
1118369
1374534
1461212
1360395
1171835
1556258
1326910
294128
1233799
1312625
1005465
1362005
1540618
1168651
1310939
1153878
1174376
1187749
1074516
1137251
1141032
1143540
132554
1589436
1493305
1192867
127246
1018008
1406794
1271390
1208869
1156701
1135735
1362397
293510
1537164
1238091
1321785
1520050
1326909
1224209
1567139
1195034
1354260
1058261
1081441
153743
1490323
1344436
1162587
1575703
1087087
1229505
425247
174473
497923
1255801
1433779
1340911
1330423
1035708
1559352
1174783
372107
1054079
153552
1377642
1017814
1025646
1394886
230396
1290995
1137121
1341568
1233611
1307362
1379136
1438671
279267
224395
128074
1404523
1369376
1123778
1407000
1479848
202693
107021
1229504
1451065
1002009
1374784
144026
1179670
314668
1002140
1377726
1454823
1373300
1533323
1006985
1188083
1079212
345094
1263153
347430
1038390
149428
1289645
1386639
1000271
323065
311676
1185113
1017186
1035580
1062760
1411679
1137128
1552474
111765
1216184
1370830
1538300
148897
1328797
1449078
1094114
1128655
192491
42316
1286259
1296623
108638
112446
1013735
265387
1474770
1152904
1350160
1535021
272196
1422648
1069781
1340835
213000
1284051
1074772
1304614
1294876
422913
238848
1147289
103688
1512620
1356549
1464298
223196
1188631
361016
1242051
1457872
1324263
1017305
1110054
1252589
1498816
175161
1369316
1511453
1353031
1418109
1480762
1528668
1287171
179461
1363680
1021486
1238458
1011159
1526893
1046956
125413
1564361
23054
1317662
1325839
1187595
1226211
1426842
1585403
1319601
1196455
1499631
1315678
157230
187124
128396
1121283
207557
224141
13888
183297
273158
1479531
1178706
134141
1150153
1273586
1344898
327317
1380309
1509175
1151735
1219984
1530424
472890
1207898
1306033
1566310
398857
1108810
1305125
1231680
326925
1069044
1494518
1455424
1180406
1153580
218270
1059155
339445
1544240
1495361
1096515
1106261
1249002
1054459
1247780
1433247
1350771
1221339
222377
1062976
1128815
1147703
1340664
285087
1380470
1436442
1538436
170221
1462369
1039759
1021090
106721
1073485
1454824
1376651
1412958
1103118
1429461
1137274
1545337
1076980
1044499
1422328
1375487
1111186
1032184
1314022
1079213
144025
1280761
1140476
149639
1345201
1419950
1094115
1427817
1218153
1057211
1312736
1097676
152044
1264026
1369315
1546169
128170
1328796
1062759
1295063
1462438
1438803
1370511
1252241
1332864
294314
1081836
1408975
1470500
1165040
148898
145308
1231182
1439219
1299429
1442324
1135930
1190808
10310
1589344
1367169
1249003
1041442
1336004
1063223
1282682
131079
1002597
133294
1572708
1319775
1574150
168128
1181773
1406835
1048365
19367
1078401
1203134
1497090
1119296
1386049
1389691
1552499
1297390
1203556
1557372
1541809
169289
1529558
1116402
1000236
1172513
1489232
1042350
1122873
1396109
1497092
137160
1358920
1093685
16521
1335586
1030313
1293844
1326157
155486
18223
1536776
1143853
1490911
1449979
1064032
129166
1273284
1381124
1007001
402976
1002243
321609
122651
1264606
1178382
247054
1479965
1406971
416571
1534590
1112703
143756
353124
1421586
202393
1468613
1482313
167894
1418468
181963
1154697
304342
1065149
1040519
1428849
1097714
1346637
1364641
21890
1437006
1103477
1260423
1280995
295412
1057131
1357157
1362669
1447357
1133572
1483208
1284973
320409
1194433
1268903
1282866
1480048
263468
1277616
511173
232280
1522206
124275
1292244
1537406
1206417
1274065
1060057
1075235
1097611
100555
1400915
1221771
1450686
1140201
1548859
171221
1114190
343295
1376605
288930
1422293
1198890
363361
346467
1115973
1372196
1285084
1361587
251970
1432475
1565510
162515
1167745
1244823
1556207
578143
1012008
1552289
1382784
1495872
1225769
1167004
1248088
1407332
1027177
1007682
1089039
1375754
1080353
1253830
1472960
1005645
343991
1442166
1568842
1260760
1467719
1345308
1219723
432080
1205835
1258179
199760
1177697
1049266
1282265
1129564
1491205
1024839
1304517
120554
1553764
1442125
1407144
1308461
1518483
317924
1199037
136317
1057676
190189
1302323
1167871
1473463
1574149
1252125
1029891
1547390
1235444
1052657
171788
1411725
1514673
1179579
1244080
228813
1471660
1497465
1352742
1499035
1556771
1197303
187964
199250
1311981
1309977
1560596
1377084
24024
1367917
1022229
1231456
1250963
299317
1296300
152090
1391492
1086758
1384765
1356254
1167443
108907
1096223
1549456
1193936
1468348
288994
1328092
1242305
1052631
179815
1277702
1354077
244018
1491083
481887
1381040
1417142
1550378
1512995
1178197
1056978
1392630
1409
1586002
1534306
1322601
1453225
1503539
1008699
1422111
1194735
1250275
1417643
405718
1173267
239715
630336
1476545
251288
1364276
126921
1297146
252327
1007164
1095481
1399160
1471294
1074322
1278871
1522237
17550
1170022
1507964
1129216
371851
1186735
1273756
1286446
1090253
1008424
102659
1058902
1582498
1000084
1434837
190138
1030024
1043635
352190
232354
1310981
1311584
166207
239133
1423362
1032605
29701
1001097
1405402
1033909
1051603
1576933
344781
1025019
396099
1282303
1125787
278875
129378
1539846
21990
1019544
342994
1294009
1181213
1267077
1091563
1135415
356847
21992
1015166
1562442
1100523
1537476
231573
1044557
157551
131778
1021502
1408062
1091841
355170
1376103
185692
139078
1396410
1173858
32100
1055267
1508040
1430479
1452927
1273848
1321708
1321996
1152984
274989
1428966
1241758
1149101
1418926
127975
1350103
119304
1002253
329219
22373
340758
374139
1288537
171232
1346252
341117
1525783
1176258
1060597
1375752
126520
1346271
107519
1511801
342514
136558
1107118
1589336
1433532
327554
1292890
202629
259937
1548702
1128586
232588
1263080
1574403
1311363
1582757
137617
1310413
1109011
1239619
1456852
1511070
100717
1580326
1481902
1375059
1182467
318129
1514708
238674
247931
133994
1550967
1344295
1069762
1477411
1345330
1134987
1065298
296383
1208076
1099118
1214827
1262825
326407
101102
1165531
1550252
290703
1004732
1194149
1008640
1466598
1444847
1220398
206745
1406185
158504
1114053
1361502
250742
1345815
130039
1145512
440775
117860
1482295
1361288
1194189
1420775
1161258
1069332
224737
1349696
207643
1272037
1307881
309831
1157747
1123936
141027
1543000
1454009
131737
1270684
503971
1428587
307259
100288
1176264
1017299
1451782
354424
1161288
1430443
413912
311458
23986
1131645
1458040
1112174
120212
1302718
1213962
1563242
252243
324272
1183217
1507506
1015712
123966
1551297
1497077
396301
1111371
1074513
315537
1419200
1105096
1354118
1150152
202025
387322
1560477
1587236
1232177
1509974
1588098
1103447
122070
1169358
114746
1208055
1534982
1332863
161359
102187
1444814
1438935
1457219
1270208
1460176
1283194
144698
151589
1254568
1301835
1198627
1391830
1572308
168281
1441431
1338113
1081318
1489194
1585078
187864
1272905
1532184
153906
1304008
1271716
1494398
1148627
1471485
1381038
1548457
1064498
1103107
1504421
245614
1379865
366773
15224
1383110
1188189
1560029
151988
1054038
1119064
1057252
1305852
1238256
1439804
1576591
1386195
1586947
143110
1463673
1563750
1382051
145717
1361276
1194846
300673
1072601
1487571
1462431
1263195
1522810
160494
1077092
23101
1205767
447491
277960
1243276
1144722
1160234
235185
1371821
352225
1144536
10178
1536129
1147585
1484855
1235206
1149582
1266928
1006508
1349449
1425927
170058
214973
1157828
1525785
1026398
1581468
187457
171492
1184553
1346447
172575
131581
111855
168287
1313197
288893
1300127
1177176
1568751
1475917
1331108
275783
1549066
1392081
349356
1017514
1051041
420065
248389
197179
1389531
1267796
1496998
1558922
1331461
1143665
1082900
1024129
159743
1139146
1096960
1590657
225209
217954
140769
1121031
1238444
1314685
136068
1193791
196731
232985
260413
204596
1353361
319978
1193852
1049133
549472
1556667
121802
1024775
1325808
1482284
1326135
1007865
1237272
1046284
228467
107955
1521012
1090069
1152305
1213653
1521842
1379208
252325
1067705
1152947
1102187
1234043
1082758
166647
1048132
200021
299102
117179
1506351
1173500
1523615
1290704
1244879
1518560
1573548
141190
149299
164397
1033413
1086258
501426
1543671
1473694
1315621
1100057
1283017
1290667
1191200
1358475
1130744
1293586
1121452
1538914
111113
1349487
1534744
101600
1093018
12390
485386
1120087
1015490
375822
1437560
106178
1531915
1256415
1108868
1189022
214764
1156614
1225666
1311326
1261421
132720
36012
1426802
1509249
181925
1462708
266307
1440774
1042210
1361454
1137988
1583717
145480
1112522
1065443
297091
356287
1000617
1321230
1236688
1037814
1406503
545286
276055
1284111
187649
1530461
1013329
1479358
1347174
1189807
164183
1413827
1464369
1482145
282041
1575735
1081386
210937
1067443
1399826
1349943
1540995
148834
1331462
1099769
1470650
1489065
1092129
1147401
1320478
1007445
115284
24528
1499077
1496885
196606
1224033
147595
1117472
1206609
265681
1568588
1122482
1335391
1010585
1289823
1346964
1131964
1335821
1575867
1555961
1304709
328161
156132
1420651
1379806
195207
1381122
1569026
100963
1117218
1439391
1057947
189924
1549250
1418622
103543
1311460
1021307
1201036
1011989
1506580
1419437
234238
57896
338461
1306987
1275478
1520999
1313014
1519771
1560934
1445321
139691
1132399
1330289
1332225
1370609
1229935
1388606
1575819
275196
120541
1049106
1062438
1092777
1191820
1272879
1426005
1027347
1271824
1134447
1269530
1149978
1190525
1256865
1421094
1481536
1210386
1535721
1154872
304192
1414627
1166460
1277092
1340968
14664
259373
1401343
100700
1249478
286463
131861
1484881
1282038
1327964
1284368
204283
1085173
1549089
1507936
1005159
203735
1130217
1004164
1101656
1284539
1293171
1360168
1385449
1421261
1537925
187586
1459467
1399335
123506
36719
15589
36374
1592834
496688
1304545
1457858
268815
1405489
150273
1250383
154266
1391678
1113060
1411072
262888
1050971
1184272
1530115
1577665
1327664
1129220
192907
268467
1344380
1209393
1345127
1202264
1483323
1174679
1358561
1528886
1325276
232866
1222889
1320657
342425
1477603
1184767
1559091
1345397
118016
1379751
1451780
23692
1385531
1131233
1209547
1246932
1588357
1076000
1268546
1566660
1054066
1381467
1139733
1347580
1320746
1551926
1303018
1177450
1446737
1330350
1162657
1253947
1578130
190897
1430155
1399327
1121193
1571304
1418122
212357
371299
1310759
1561102
1253560
1491101
1385270
1079985
1317975
1111481
1319060
1542215
1196738
1215180
1104952
112705
1471899
198018
282813
1367095
1108436
1251127
1369953
16151
1312787
1382943
163307
1220250
116007
154801
1515646
1119358
116254
32172
1293768
162747
1111546
1242334
1359896
1418997
1342244
1251811
1438013
1387869
187986
1584877
1377070
1249198
1413887
1545600
1027193
1368167
1116305
1546969
248470
1441286
23675
1488378
1242101
1177175
1254329
1502562
342578
1035502
1078965
198792
329761
1010147
1137677
1440556
1234827
1220537
1341414
1097794
29498
1512950
247959
1033084
1267847
220113
1356598
157963
128050
135286
1155316
1264556
253729
340571
203019
1539015
1123662
1198729
1089275
1085088
161625
1304873
1231179
1459155
1143315
1369327
1144914
31200
338516
186282
1344936
1223135
1394624
1132821
1249683
1031181
1133230
1052835
1396447
301182
1149129
1335909
1365756
194385
1372069
1387318
240496
37071
132981
1591566
1280871
1403516
1591347
1569520
1486948
1139541
1324657
1564958
132464
204704
22261
1138875
1273949
1065549
142822
296109
144891
1347965
1509964
1010755
1282118
1565013
1350194
1102707
451682
1258118
1548145
1213940
1329507
1347922
1516235
1206411
1413554
1027971
1441364
310459
153431
283025
1153651
186035
1369339
1204573
1043836
126551
198341
1282334
1272791
1333812
1035084
1426798
1506915
18955
1537297
1472770
1369326
1296330
131457
1213584
1052800
1262932
1254172
1022041
152401
376088
274899
36832
1251084
1251421
136431
49261
1395131
1293065
1294095
1468993
1012275
1325106
131704
208890
1486367
1336771
1155843
1565254
1179745
1169892
1366447
214709
1186678
1397406
231405
1357343
1439836
1079483
1589884
159463
1028575
1510438
1318383
1039761
178870
1060865
373453
208126
1587901
1534494
1264691
137042
1463757
1300800
472409
1524577
254665
189201
1052145
130762
1005444
1210287
1585005
1309212
1313731
323377
1305513
1409307
1503599
1032575
1387648
1267994
1240067
1492058
21789
1248904
1441742
1075051
1334507
190778
1533589
1100051
239072
1418735
1348474
1396797
1387317
1467144
1108820
1143695
1330254
1423245
185203
1292036
1126442
1204229
147865
1175621
1443981
12809
1038931
1130270
207149
1120257
1084091
1124597
1457702
1067924
102974
1124822
1059007
1433992
1161972
1199235
1118711
1139879
29740
1118488
1506737
21927
13902
12361
1142293
1311603
1024926
1237000
1179504
1579657
1067880
1396431
1194131
36856
1386562
1478476
177740
1467871
1057338
1522861
236618
122371
1431904
156242
1042681
1281439
1008702
1053848
228450
350593
1354055
1581930
224580
112176
1416896
220861
1029220
1251785
1078019
1255106
202478
1559163
1416796
1164380
1115073
1033837
1027744
104568
204598
1273040
207740
416
1290335
1357566
1563731
228468
1592378
1250945
1441009
109517
1364118
173881
1587496
385900
1333522
1115365
1418299
1582466
235767
120238
1039471
1360790
1320658
112965
1037525
136519
110030
208133
1319990
101427
1451962
1429272
1240954
1095224
1411259
1398297
1261606
1042559
1145872
1386739
1418307
1505840
1352255
1125879
169571
103500
1004078
133659
1175479
1290844
1202905
1119783
1154936
326177
1562825
1012011
1527755
1066274
1285924
247609
148449
1183490
1557325
1002640
1518528
121800
1442053
380131
295913
367506
1363382
1545525
1326632
1382194
172244
17315
1170794
325766
1062472
1102195
1008825
1352661
1006830
1109948
1363383
1035477
1588055
1113043
1351819
141881
1175298
1324672
1387534
40429
1150413
1266336
1489921
1317273
1231060
241387
1126883
1347694
1344265
1116914
1098867
1183124
1308678
1218582
1420965
1076807
1145150
1198017
1456190
1189045
1013322
1234675
1234673
335048
1282933
1113763
346794
1174975
1432632
171036
366283
1107113
1333708
1460662
1534408
274390
119765
276070
1287958
254400
282600
1297228
1541664
1413334
1051963
1332301
1369608
1482027
1390947
1482288
1460626
1542453
1534381
1205166
1454487
1439273
1011399
1548004
101070
1047912
1592253
1125984
1587465
1252556
454422
361854
1470493
1506449
1513178
1197307
1430056
1508558
1291833
328001
1254628
1232673
1031501
1545601
1575897
308810
184111
1547279
1330968
1224308
150274
1394450
1091999
1513713
1422719
371672
1031589
474036
140403
1501880
1467326
1494341
173573
126848
1114288
208800
1181965
1382352
281535
173885
117996
129145
1336196
201590
1445473
1400800
1584167
1257737
1244086
137594
1027845
1042949
1060566
1511661
1248604
1119718
251024
1036502
1541087
1393692
252125
287316
1472234
1422075
1432983
1479720
384797
146640
1487315
1295909
11507
166545
147743
124472
156406
1289808
1209450
217520
1191952
365424
1320651
1219025
1218020
196001
373632
1098763
1085080
300902
242198
360982
1236050
1139540
1239320
1132820
153979
1403732
1533320
193955
193968
1492086
1211010
1049117
1580685
1254805
200813
237036
1109882
1350198
249538
1524059
115158
1020662
1450838
1168504
1457181
146618
1320560
1160595
1078893
1536437
548335
1375694
1108187
1524061
1109016
366466
1169633
1222538
1488849
1411168
1241016
1219999
1010812
1182792
110778
1135673
1528598
217569
277480
316137
1426435
101289
1129951
1275804
1284799
1439571
1333819
1226984
1379715
195314
175854
352740
1232500
237273
134963
1200083
1011608
1302149
1247564
1285813
1144915
256136
1204777
1054728
325802
305633
165692
123089
1214572
11707
170144
1547642
1087016
1175959
137737
1140748
1545828
1320355
268582
1539621
1191805
1407934
327927
256114
101534
1246095
1427735
205294
1305530
244964
164447
1268527
1220484
1539303
1512797
1010412
1377880
169375
219718
163177
1145535
132264
1560843
174239
1050851
163470
1177068
1207825
1264015
1083784
1491403
1153999
1391347
1148376
1278962
133502
1112121
238585
1294788
1415762
1196207
1350131
1424573
1468118
1040201
1055717
112520
1003823
1204132
319435
154996
1576855
1205267
1080396
1258113
1323113
1261273
1559301
1158882
1058477
1544083
166815
218775
225697
1071059
1278925
278214
1555438
122843
1093610
1234339
1405661
1146726
1580215
1028761
13153
1410610
234185
1478498
1403946
263067
1204561
134715
1436083
1261297
105022
1199833
50555
239000
294855
1590110
1085087
1284067
1099330
100087
1266770
1112137
15728
137952
250369
1309808
1304872
226854
1410443
284207
1374674
1010948
428365
1169231
1313596
254211
1500964
1122688
1535485
1535487
1493858
1244902
152425
1006034
1331695
179402
1219434
1144727
1141851
1329731
1562798
1220563
1569115
1220054
271052
198488
553826
1263594
244767
375175
223289
1088110
1062464
1469769
2645
166922
1191155
1143134
1204374
21442
101943
229431
1548867
1111309
24020
1499356
1107720
1166651
1373796
1305156
1328614
1059568
1361575
1242398
1568259
1542338
1351129
1192624
278747
1434218
1374652
1133844
1159311
101869
1406853
1255219
1287819
1360789
1210649
1503020
295314
1058513
1369506
1155584
1356361
1280855
1356647
1504236
202355
1473390
1277756
1368764
1290854
1051026
1124898
1104405
1439398
136067
1054395
190862
167461
1515483
1413327
114227
123416
1358830
1585568
1335522
1036115
1016771
141825
1104374
1163824
1165474
1548788
142635
1439367
1485630
1023324
107599
152437
1523285
156028
189161
1268740
1497504
1029980
1204419
1120095
1583127
1180187
1128021
1335470
420932
1440567
1512436
1097033
1357925
37849
1181135
1580581
204240
137088
1250795
1071801
1119189
325308
1549100
1185162
1299969
1202106
1119069
161453
223430
217421
110095
1349958
242356
1060756
332336
310330
1102767
1444501
1126600
1593291
364798
1300154
1054327
1479578
232638
1001156
1195632
1424217
1559314
213675
1506003
1572927
1309643
1256879
1043773
1489992
421576
1012211
1135277
149974
1213889
1240778
210759
246094
1507550
133753
1131799
1353192
1126154
1260693
1154078
2602
1492749
1062387
1013772
1013045
1498327
233870
1586302
1381206
160454
1367631
1491280
105918
129984
1002121
108998
1493677
1173707
1284696
1167517
1081501
1015795
389350
1198243
1210123
1010742
1590818
1511116
1470881
1278146
1368733
1516750
1315768
389788
1062295
1253686
1365566
1165935
1378578
1204594
1511488
1221609
1124120
1298074
1564396
1286508
1537964
1320941
1337637
1175413
1492745
1589740
1509187
1271038
1174083
156589
1066219
11335
263710
1113111
1270814
1149208
1436366
188813
1103470
1263336
335365
1559818
1525590
125086
130203
1316298
1302519
1572522
1529778
1478558
306484
1159876
211700
228588
1111985
1348280
1338625
1378845
1461053
1218710
1237345
1127087
1088269
1569127
1006477
1423717
1351511
1168851
200206
1435677
1315028
1192747
1494670
1249147
1514553
1447239
1131258
1325183
1530662
1043087
1177034
1554704
179979
281615
1407523
1223460
1454174
1059818
1374388
156316
1163547
1249877
168516
1054534
1086594
1342499
182139
138522
228550
1525719
168616
1249299
1033136
1194014
1285700
359535
1222835
1263213
1470373
1522005
1201917
1463931
1207321
1309341
194347
1128752
1473328
1002811
1292261
1428486
1448168
1319089
1029664
1076907
540569
1091300
1089974
1588453
246711
1178134
103524
167906
1018109
116176
1488720
1315651
1493971
1017913
154353
1167229
187168
1271547
1418398
1016563
1180232
1137371
383152
157763
35202
1049764
1077616
147244
1536311
1010301
1013449
331706
23856
1238487
17337
1194666
1264638
1059774
313059
366937
1152156
1320512
1017587
1045267
1318184
225518
1293864
171906
1385253
325558
1501511
1514447
1113938
1463182
1325931
208330
1465449
1165062
195602
1254831
1004320
190903
206476
1280519
128940
184815
1510053
180608
1448975
1209858
280833
1089726
100614
1127132
12074
117736
257183
1021327
382097
1501889
1061142
300529
1214996
1014905
1383800
377213
1496867
1563531
1589132
1272431
226959
1099475
260333
1017657
267388
508373
1470823
1484657
221977
1102700
484633
1256586
1305574
1227378
1569145
1217983
1052606
1475469
1219139
12159
1592874
219969
1377562
1097652
181584
1102713
1483128
1277360
1224127
1539499
202734
1308095
224638
200515
1575232
179188
1050734
1392505
23597
1519062
264248
1456569
1305255
25626
442650
293664
1324008
21454
1082131
1042128
1160562
1068223
102245
258477
1166832
233378
112681
1068557
1388924
1173605
1589663
1199304
1415232
1025038
1183799
1034579
1315831
1562459
1244326
1256286
1517052
145667
1555800
1056246
125180
1419906
1145592
1007641
1305331
318004
1065319
1121353
1033081
1323243
1139842
371192
1548774
176050
102332
220739
1444249
1338799
1327717
1441991
1414181
1149834
196342
264075
1270829
1313274
1027413
207300
136794
199961
1301748
1150772
172412
125218
1590817
221098
1200437
1234128
1361728
1049600
1156939
1190859
329126
1329016
111942
221626
1389246
1479760
1155540
1447327
1140755
1189256
190647
1459856
1347005
1293020
1413089
1232962
1111768
1296649
1495706
1382191
1508248
373582
217088
1164842
1154383
165228
427709
1344786
1319440
1377100
196299
1498283
1493045
1197544
1008926
1234193
100726
23783
343590
1496320
1468491
1229531
186542
1025179
1399911
383690
1060844
1114565
1187155
1210629
1061209
128067
541286
1107759
1218490
1429817
266120
1412469
1589608
1279662
1215837
1207308
11919
1079603
1592371
1267822
1019725
177931
120624
1118594
1000357
1021926
1204700
121110
1504611
417681
1346132
302536
1586481
1451017
288102
1239200
1438640
1568201
198345
1370330
1353959
1015171
117444
1486293
1394986
1165190
1233561
1475241
1240081
174153
369917
185826
1278354
1382243
1093151
1589364
1319132
184412
1582095
1274122
1485825
1262330
1454595
1305970
1490359
1209853
1111817
1511276
1526254
1288080
1552195
1100834
115522
1020176
1541035
1057945
1374212
1334305
1309450
140813
1457490
1141938
1165963
372254
1075253
1338656
356372
1192635
207742
1566973
1573612
297967
324258
1373514
491078
1550839
1500194
1366734
214206
1491918
1342421
215425
1362469
1531306
1368439
1434858
1057290
1054600
1429928
1147529
1065420
1134550
1076892
1045853
1026140
1098309
1135044
1493385
1505773
117726
1543358
1384014
1304845
1057987
1013972
1432447
324417
1484564
1524440
331394
1242429
1078198
1223332
127405
369210
167926
1021122
1294642
1082784
1294963
409777
1303670
1512838
1211600
1349473
1008360
282914
1183414
101305
250555
1410714
1139549
330084
1121731
1151580
1354714
1312471
1017532
1188518
1407925
1246994
1345885
1455076
1163666
1520438
1448354
1376449
1404859
1410466
174960
130675
1212084
1080528
1083920
203869
1145314
1028598
1215371
121316
1249476
1201267
1443099
1387914
1252089
1523753
1029151
1218979
1160159
291799
238650
1400821
171649
1239649
154242
1000931
1157552
1241123
1537707
110497
155553
1082040
210576
1450753
1434056
1062642
1583846
257716
241983
1418021
1480364
1200157
1236927
1080613
1423110
1089492
286855
344780
1514546
1368996
1234816
1476022
1280393
1329674
1489401
1392125
213506
1406390
1438341
1444795
1051126
1235774
1582526
1361989
312297
226729
236250
1484934
1031601
1191122
115457
1056702
117716
1216863
1146977
1158962
1166018
1277598
1204673
284847
1025163
1339680
1472597
1465631
1271541
335342
1021121
1314735
1077100
1373199
1097156
1439538
1504388
1166438
138031
1036607
1032286
1241332
1337416
199012
1303796
1380682
1188440
299725
1123413
188199
1087913
1213704
1311277
1022301
1478
1206733
1311525
1063619
1545072
1218142
1335100
1488844
23226
1573140
1244962
1099363
37156
1296055
1482072
1557019
1294324
44978
1355789
1411645
26936
1554505
1392645
1307389
1400225
1469885
163284
1344553
1225376
1303104
133304
100936
137725
1442176
1044114
1220676
1341523
1511490
1456105
473905
1033245
1274735
1516209
1385409
293449
1275231
1304797
1077064
179617
318107
1060258
1106652
197456
267147
1567903
1170298
120002
1550943
291440
1466699
1125106
459379
1038565
1364255
1189621
1285047
1327431
1254550
257980
1551685
1585122
140323
331631
1457433
1084182
1266916
1276298
1450774
1192578
1430214
1586997
1385749
1015606
225860
1106494
1188205
1193508
20382
1397643
1283511
1414690
1506481
1010408
1317381
117928
1022106
1321395
212363
1458823
1383801
1303821
1094998
1351594
1069956
1572035
1264861
1425691
1366497
1356335
1409095
1410303
1096152
173135
184431
1063350
1591087
117964
1199716
1176280
1478374
131072
304206
1475399
1367072
1302244
413865
255616
1272662
1425847
1113153
1254798
1342865
1092901
1568010
1138204
1497275
1185171
1497292
1285903
1143771
1226602
1125245
295122
142423
1083495
169908
274286
1337300
1123174
1061340
1448366
1160741
1125979
1128077
1317456
184798
1418078
1413266
1036152
197634
1026948
1397045
1127569
1169664
1108216
1505797
1168367
114374
1070420
1101949
336307
1186141
104243
1123109
1122653
1339729
1101916
1340701
1427773
1079032
181563
401385
1277755
101852
1282752
1036155
1574143
1220247
1530735
135470
1542758
1517893
1581255
417427
1481562
1285411
132908
1158076
1071120
345808
1432837
1418934
1095026
1175773
1492935
1482947
1239365
1322176
1298393
1408693
10011
220848
194428
318150
1029944
1218279
1097034
1119188
1213675
1041366
1172008
1198022
1378576
727729
1113482
1367822
1433476
1165988
1011565
1145005
1491588
1379940
246373
1471180
1286361
1246482
1029871
138420
1149045
358402
1443273
1112448
1471169
1155175
1461300
1294536
27736
1496272
1218172
235553
349844
1461862
1519249
1150866
1122362
1333736
125901
289838
1118330
1146271
1287006
1535500
1419900
360498
1005718
1537468
1319513
1416543
1512315
226755
1412250
373989
327531
205286
129492
1403782
139155
190258
112272
1244526
1109482
1550260
1074350
1299609
134594
1086034
1492414
1543429
1261027
1059439
1257389
1071841
1569067
1088502
205607
138313
1074963
1093785
257185
1231146
145594
1103437
1488705
143593
115247
1090538
281312
1073783
1187272
207132
202137
126014
1398067
1136009
1137955
1390640
1146681
1393599
1183850
1314625
1202787
1322471
1146818
1537738
1258528
1511567
1482440
1480498
101551
1347501
1383198
117359
1246860
1276193
1494775
1069659
1059954
1179123
1054574
1322944
1231728
1061454
1409598
288604
1372198
1584166
1584918
1117049
1316553
341040
1454024
1043145
1422687
1432733
271671
1284647
1445285
1072636
1459912
1422656
1216460
1102828
1282475
238387
1010334
1293661
197006
1046082
485975
1483062
31699
347402
1198644
1127502
1512880
1520562
1153274
1134087
220761
203432
1395906
1283781
240264
1372593
1101896
1407334
1005926
1214721
1585994
1279244
1226604
370482
1103303
1103938
1078756
1520975
1171963
1292219
1004492
1210204
1347833
1148041
1299475
1403612
1082066
1319085
1226976
412633
1145339
1326903
1416290
1139844
1147904
304276
212291
1148920
1059334
225479
364321
1379960
177477
118479
1346646
1349846
1332072
194766
1581978
1451348
1272404
1156523
259098
1177253
1496875
1581339
1446658
1137245
1482550
1439856
383598
1288201
1062828
1555787
1402725
1441272
1283317
147535
241859
1191860
264317
1090836
15714
1462882
1060530
223506
370241
1119591
1359101
1329192
1014954
1406744
1320964
1521460
1313832
184592
1082595
1479808
1298402
238999
1264113
1567932
1493700
1459290
1315100
1054626
281461
1569929
1143791
367948
413681
1543388
1352100
1586063
1473345
308183
11979
333033
1419318
1565326
293904
1025724
1042244
1268979
298960
1477865
170610
1464035
1511919
1431437
1174189
1424089
1064228
1516915
1586844
198201
1465625
1272588
1386480
1562954
1429822
1095868
1374062
1500483
1221073
1085981
1128839
209862
1136978
304184
175643
1442997
1246118
230315
360812
1460853
1374673
1039637
1135097
1420375
1351352
1554655
1076690
1186859
355079
1457021
1497393
1098361
1440625
1092588
1152094
1404433
1277371
210370
1558497
1099989
1588222
1244434
1299648
1515824
217858
1395079
414149
1232916
1046375
136382
1365744
1364157
1089238
281767
1128792
1238277
1258321
1296052
1185851
303489
1197244
1506913
184101
1083394
1447646
1067789
128073
1139052
1016151
1354975
1488856
1225907
1060901
1020083
1326833
147407
1190208
1057176
1396497
178001
1421609
1028415
1504313
1060160
150010
105578
1460948
1444009
100992
1016394
162451
1541057
1584391
1150728
1280193
1141934
1545911
1048901
1020388
1269995
1497079
100253
1437697
1447254
1171150
1297805
149288
1185428
243868
1286674
1592521
1569632
1185981
1180803
1041031
1419125
1296090
317965
1550400
1484789
447097
1398162
1104675
1396340
1495758
1476295
254398
1500948
1106618
1416093
1267483
1200239
1040653
1384240
1130540
1591779
141072
118287
250501
182861
1331463
1094729
1154812
1212222
1443431
1092975
1443769
1338958
1047309
1416115
20063
1540614
1304963
1322132
1130716
1109886
1419965
1059506
231015
452836
193959
173839
1270678
1103375
1546705
124524
1431842
1414159
1307506
1108193
107631
1291286
1397668
1418365
1444964
1303731
1249908
1524205
1312487
354135
1369782
1492686
1375425
257687
1542462
129609
187046
1486693
233890
1341394
315412
1138597
396171
1454979
1265239
1062263
1140717
1178378
12508
1042114
1591646
149163
1222791
108
1057047
320417
1346075
1212645
161285
1502458
1540571
279771
1051309
1297543
137948
285096
1390226
1429057
1387053
1125102
27675
154171
1341419
1590938
1040539
1216470
177285
1376783
1441217
1260614
1427034
138447
1492569
1359058
20964
1492652
390108
1529333
185585
1333692
1081107
1132613
1205405
1000151
1099319
299509
1090744
1388458
196237
1520032
201882
247982
207750
241015
1034305
1482770
104548
259725
1019808
1190396
1586282
1223134
395104
199830
1054140
1274477
1267357
112107
1078334
1187903
27050
1460154
1206979
1173518
105666
1488106
1205389
1438815
1422717
1030726
169649
1252688
108568
189903
1380404
1252752
370037
1200651
1193206
210319
1217480
1169631
1297408
1288982
1175758
1013994
1067955
1238997
1206232
1190769
238808
209377
394369
1328478
167135
1007203
1298800
1047844
1581912
1311736
1116240
1348845
1258594
1223425
316004
1073879
1257736
257885
1389530
1448045
1551625
1448043
483213
119211
101373
1196205
1181651
104108
1328581
1001911
1539364
1481123
1402349
1297508
1303219
162514
1362496
1149117
1561351
1212790
1179318
123275
1284543
1412829
1390516
101976
1336065
1101915
1207451
1460863
1475168
1557465
1179533
1448727
227785
1185143
1279654
133286
163296
1384482
172651
238481
1564610
319705
1175351
185785
1026939
1425278
1026554
146168
170370
164087
1093963
1397725
1015203
101519
1181809
271823
1272605
322705
1492340
1400543
1518765
353550
1171163
1276139
1141416
1422242
113219
1330198
227936
258676
1565474
296985
1044730
1318418
1553924
1450541
1101363
1322574
12354
1549056
1552000
135048
101542
165177
1577861
1209836
1429602
152159
1293381
1152717
1360104
1308214
1514208
150990
1518385
1176218
1527911
257549
1402912
133005
1356798
1498640
1232724
1113410
1429119
1415466
1269433
1529612
123489
185330
1183845
126487
1502198
1337118
1129020
1563234
1447551
1464518
163391
259076
114651
1377657
1290100
149482
1145944
1225354
1307127
108292
305658
1306095
1500793
1410126
180958
1092491
151752
1302949
1445577
1402986
1169755
1238953
1358131
21677
1135958
1066346
192993
1258656
1318739
1472623
1033628
1567546
1503296
1078114
338653
1453234
256200
1166853
275918
1332406
253712
1145628
1207832
186053
279586
14703
175103
1151241
1105439
438168
176414
1375693
1288969
1281957
1124574
179499
17183
1383425
184156
1366845
245206
1329948
1262366
1099321
1000687
1252539
1077416
1328886
1132811
1349923
1464868
1220656
283092
260582
1012424
133355
1361323
241751
1435562
1158225
1099990
245821
1112391
185462
290945
1490557
141406
1350875
221588
166530
1226169
1045727
21351
214428
1062418
1256954
141301
204299
295493
1227631
1550596
1545634
1261307
1098981
21704
106727
1154550
1417025
1006694
20092
1040134
145538
1362824
368353
1062836
1550875
1002002
1007720
335482
1351302
1241920
1285534
1569492
1544562
1432
1563043
136213
121400
117040
1566786
120389
1569882
182510
249472
1279363
1413476
252070
1314862
1227043
1528410
1261967
1404937
1042015
1336071
26929
1039995
1505403
1288803
128361
1471599
1221296
116922
1356099
1072619
16299
1142140
1048354
1139964
1285115
216032
105856
365165
189988
1242480
1043574
1233731
1299679
1312099
1320287
1384837
1134704
1073932
301340
505846
247239
1053248
1266473
1033294
213898
1504544
1446173
221732
2381
1397892
24101
1003804
29877
176189
1029311
1280513
20224
1204538
1589797
1394440
115407
1342603
1517416
1013492
1211674
263729
219406
1086603
1360388
1407793
1007923
1525656
2988
225278
1384951
1189912
382680
187675
1376922
1212254
1291096
1114267
261166
1104206
1148860
118915
1279711
1232170
1572560
1364926
1096879
1464128
1050406
1186446
1207255
1251656
1152767
1041523
1248942
171454
1015073
1031921
1598
157788
1305310
1019679
1167930
1087262
140026
1401104
230055
1093044
295965
105392
1101956
1301061
1419169
1124914
1439743
1219058
1362927
1484091
253711
1252896
1109854
1552794
218620
1032989
1353847
1002279
1314765
1415723
300362
178338
1298767
1319583
14647
1315969
1098372
1215759
1044427
1060852
1247244
1295269
1217097
1468362
237720
181061
1242355
1125564
1193326
1412873
1582830
1501728
182545
1137310
1189151
1084171
1344657
1000779
1471929
265466
1156973
1442042
1491329
1572223
1183910
1587945
1023493
153739
106265
1408260
1261111
1227300
1218578
1015327
1364236
229047
1552685
1366927
1462990
1435824
1349302
1085317
1049294
1102992
339106
1105836
1055666
1375357
1128765
1531998
166827
1112917
128012
1540171
1557351
1148384
1101521
1159626
1447778
1584444
1442051
34651
1428154
198670
1101102
1093596
1390653
304658
148574
1446426
1563252
1503922
1462500
1016545
166638
1244083
1387209
137769
198499
1149391
1532598
105050
213784
1295981
257120
1430022
1395518
1046025
146200
1464634
1163715
115669
157757
1556622
1066171
109893
1278873
1448172
1578419
1501350
357088
1487003
124046
1041457
1590970
12416
1062761
329177
1240464
1073319
1365768
1299964
1548084
1518986
1152314
1392382
1145655
1479360
1528879
1570582
1152401
1590268
1369341
1444760
1244069
1412086
1100865
102751
280634
1318173
1274232
1427976
1249971
1368190
277496
1194691
1268268
1489022
131502
1268149
1314766
1120329
206935
365597
1549978
1390659
1383830
1271052
1489247
200253
370789
213894
1043654
1340126
1517884
