1181180
1352061
1209699
1099130
1027971
1301521
1491804
1010428
1346837
1362676
255693
1038447
1087515
1307274
1297148
263841
1512659
1219670
1222191
1021982
1561918
138286
1050801
1301238
1288161
1011958
1325549
1269980
45460
1090920
16352
1460441
1183994
1025771
1539335
136802
1552238
1271875
128138
234268
1428022
1014358
165388
117377
1440655
1005444
1222631
1498135
1052888
1345811
1406533
1396219
1443710
1067880
1052967
239220
1294151
1185994
275173
1105609
1112190
1488378
1339790
1436884
210437
1290987
1580192
1324676
1397427
1273699
1224920
1492310
248999
1154716
1247223
1423561
1085078
1343956
1536858
165275
1326058
1576153
195392
1007329
1100319
1548967
1260649
1263874
1304010
1383718
115013
1585935
1393712
158822
100549
243300
1370685
1196549
1562643
1281390
183881
1300246
21927
1499118
133023
1382721
233157
1020945
179362
1471471
1010528
1292679
127282
1552375
1414809
1284518
1591566
1435225
1394354
180216
1382994
1342705
1054867
1501234
101675
1578683
1312302
1221240
1420288
1036240
113106
149585
1404938
1554822
1531163
24353
1546347
1328480
151824
283951
1331788
1249634
1392791
1168793
1138583
331063
1295810
229000
1151138
1357310
1058442
1178897
1550310
1418190
1182489
186812
1120123
1553360
1382915
1394952
169458
1027186
1081337
1390066
149039
1201616
1369506
1176662
1515483
1352939
127617
1556725
373842
1491274
164782
1095290
1218020
1559301
1085327
262381
1222052
345690
1292838
1152860
320551
1540463
149670
1354517
153892
339364
1537197
1293431
232866
24055
142927
1457303
1076000
1010532
1484606
1499077
1498148
286822
109335
1222294
1227829
103580
289976
1470650
1422137
1048606
1212792
1403893
1435341
1576958
1353410
1560616
1032639
1004965
1191813
1101297
1363025
204002
1384360
1135044
1291416
1133856
1472297
128450
1432952
1300174
125198
1300617
1043868
1467477
301014
1543685
1448435
1449965
1214938
184678
1538480
1117690
1393488
1062387
1209574
320659
1564424
184312
1050392
1534337
379674
252125
281535
1434491
1544083
1495486
1160978
125817
392664
1354621
1479654
1247398
1402735
1158928
1255640
1563413
1201641
1240920
1572940
1107552
1371013
1302148
1064270
1341213
1398531
349928
221975
370553
1373621
302087
1588227
1114491
1443560
1006829
1223902
1287819
1210649
229431
1201504
169997
1191155
104242
1270655
1002582
1091203
1380158
1146869
1496092
1243658
1179212
1132847
377371
1321919
182215
310637
1217678
1248258
1269174
1358575
106052
1305504
1383760
280033
1295870
1233051
383164
238122
491235
1281875
180246
1130335
1277621
1109508
1079643
31464
1141242
1242210
1293229
1071892
134811
1542217
1448643
1062131
114632
1489444
128348
1339992
1325698
1467326
131426
11683
1301401
146190
1484768
1231950
1263594
1591084
1475888
1567196
1546253
1188479
1020217
1556656
1190571
1278506
1149806
1217623
1290513
1192995
1463449
1292294
1110264
1340908
1429897
1039506
1257134
257616
1214039
1445868
238181
1163793
1001906
192329
1065891
1195947
1380570
1322184
1028687
198538
1010740
1182455
1525225
1165731
1318917
1355849
165705
1385962
1379428
1236688
1426802
1147458
1592328
1305412
162405
1233305
28918
1247547
1106394
1305443
1038393
1472015
1560997
1118724
115357
1146516
1099896
1329467
1130776
1254804
1491835
1337390
1324284
1206411
1250688
279873
1155358
190778
193854
1058515
1365155
1527852
1243096
1525191
1094266
1067924
1178874
1159903
1148588
128221
196606
141848
1354425
1369087
1346183
1096960
287316
1097936
1108900
1429771
2540
358169
1141590
226854
1397773
158091
1160595
1473312
1492630
1484292
157543
1175087
1266884
1059606
1136914
1267558
17406
106310
1476852
1355485
1058756
1355343
1007962
195048
1255910
282738
1247793
1454254
1229483
169478
128583
1419336
149299
1394233
1268133
405425
130395
1004911
1076385
145031
1301858
1573564
1184139
330378
256003
1382468
1356786
1005151
1220171
1500413
1403486
1426816
1264661
1440407
1088252
109909
183352
1548834
1257201
1211589
1287304
1344682
1366305
121167
1565680
1329704
1248659
1146285
115640
1011134
166814
261138
1402212
1342901
1295981
1000675
1275047
136528
133071
1265851
1102808
1157249
1248546
1544341
1078340
1373675
1395441
1550701
1396568
1447353
1490988
1184044
1253422
277320
1554505
255925
1434163
177614
1079549
1059626
197546
219261
1283608
1023224
137090
1473713
1318632
1193767
241661
1223780
114596
1159281
1198745
1323113
1490938
197173
163253
1478484
22339
1091018
1170346
1516847
351465
1006915
1389178
1119928
1017904
1444608
208041
1252301
1180406
1077068
1507192
256352
1523818
1161034
329378
1448815
265803
1391116
1110206
1256029
129525
1330743
12245
1138956
249263
1137338
1246575
234495
1042403
1248540
1022301
194428
118043
1205000
1164519
1316441
1530480
1506973
1319297
1415023
1313654
1556850
271431
1262443
1128489
1422193
1067410
1531138
1506669
1262511
1326273
1487320
1358941
1176713
420441
1254636
1554533
1341161
1560641
1328614
1586878
1192899
1529399
1197299
179879
157456
175075
137977
1367550
1554499
1266207
1179339
1141101
11657
1285377
132938
1574607
1282439
1054295
1039332
1022352
125438
1063669
1436344
228157
131392
1015974
1020676
1586488
1135989
1095812
1290003
1346111
1208091
1177651
1286549
1450141
1074596
19825
1044184
199170
1231523
159636
1502617
1286497
1173904
1381590
1348695
1408616
12186
140133
1483543
1296633
1458578
1156652
1480977
1089072
1352909
1041408
1311021
1016175
1078671
1486352
2580
1408838
1037727
1411741
1153148
1390539
1494019
1545056
1393654
1524625
103860
1279054
1144478
1473123
1333700
1557736
1033336
1267362
357023
1455190
1046126
186630
120189
1107807
1287296
1535662
1460938
1133363
233341
556004
1226510
1157700
338663
1231393
1553846
1041345
1219796
1456987
1165121
1034839
1307139
188171
1269488
1003729
1128277
372029
1228127
126622
1510446
1203051
1229256
1293155
1453397
1190200
1117539
1523268
1561946
135209
275488
1038245
281557
1417289
1440567
246557
1073998
202117
184111
1426949
1020661
1386452
1577340
1420657
1117443
1482570
1505964
1428569
1005639
1095531
1460328
1446998
1026302
1297310
151090
1179917
1279603
1583451
1256972
101266
1344302
1401152
1297289
1011640
1099232
303016
1256735
1412329
1062397
1194043
1035637
1440538
144984
1275231
1050988
1355789
217306
177020
154643
1391983
245137
1126271
1114094
1181202
1427976
1480498
1221073
209862
1283781
1288982
1236061
112342
1174189
1479808
1494975
1166634
1498549
1232278
111842
1534033
1291825
227157
1492813
355241
141899
1339348
1069721
1535973
1446392
1554527
1279448
1502745
1266865
1167023
237200
105740
1258294
1419786
1019776
1269610
1418736
1405424
174751
1186932
1337055
238151
1329999
1568640
170597
1100451
1409446
1176192
1495062
1196499
1226347
1319373
1086048
225792
196989
171082
1324606
210937
1429272
1215441
243914
145563
1203414
135915
1373530
1236116
1513967
1514672
178853
1258541
1249353
1528908
19797
299889
1095138
1291261
1137289
1484325
231929
140056
1153733
1274464
1573109
193393
1345611
181120
1030093
1071850
1053615
1265469
149069
341345
1263324
131425
1147360
1225938
1186499
1297906
1424776
1418379
1426514
1217135
1344227
134631
23220
1420443
1037817
1148794
152725
1478130
1095166
1051568
177740
201376
286453
1588230
16665
1383539
1327176
1093796
1352575
1216534
1405264
1292807
415948
125311
195975
160272
159447
1561411
244434
1244428
1334507
1382511
1033791
1124417
1265180
1548986
1068463
1076180
1443467
325205
273885
1267073
1101243
258750
1175621
1099413
1466315
1400738
281373
499260
1275843
1128020
1414778
1038698
1288469
1060636
1182668
128598
137418
1329119
1530072
1097794
1358475
160709
1592749
1168888
2843
1344114
239122
1346998
1090146
1340419
1326370
1182106
210393
1448147
343093
1126432
1393981
206930
1079031
247414
1249812
164183
1001851
196527
1050828
1367095
1290412
13365
1111166
1381085
1189637
438823
1017182
1427733
1409976
1034870
394661
125020
1343531
298734
1501362
1547087
1069680
1435777
164625
386825
247878
1225577
1442642
1200244
1017451
1554856
245275
1028357
1392349
1157352
1027856
1178738
1035260
1262581
110602
325828
1582319
248946
1368725
210370
1052476
1290191
1366835
1324504
1509051
216590
1589759
1411925
1006534
1031071
1468186
1566493
1445904
1435980
1500279
1284725
1124575
197875
13480
1018479
1098763
1119085
1036708
1167877
1229172
341633
301679
1297272
1361482
1248773
1135164
1124235
1190047
1431039
1344182
1430815
1312649
1063953
1155584
1164177
1192426
1358723
224157
1261022
1223391
1573565
28727
1363381
281842
290311
1137210
1058801
1510921
1230457
1293852
104248
168366
1016370
248143
1158142
1036463
1319060
241265
1471899
1501240
1225745
1321230
204598
161913
1247522
1185486
1128256
1258449
1239315
1568743
1373960
1458456
1245989
1144169
1134277
155914
1335909
1566011
124472
1324117
1407064
1556623
1278912
1373297
19931
1286431
1472770
1191547
207269
1002901
1056773
1011104
375161
341088
1404239
1208529
1581929
1400537
1322021
168929
197411
187960
1541087
1290388
1315313
1333446
1444585
1267569
1374048
205788
1153748
1517566
103584
1451482
1361513
1290717
1368064
1241789
1303376
1025657
1056891
1236893
1203284
1158693
1315734
1262582
178338
1013809
1029979
226395
1496225
1386335
1106388
1438546
1310567
207383
1331347
1297342
1277443
1134574
226551
1458008
1107498
1171714
1362826
1195172
1336901
1580199
1415528
1307226
1404932
107566
238627
1251410
126788
1194801
1120949
1274832
1413336
1197718
228583
1258527
1260818
1488293
1222254
1165006
1024781
168536
1194529
1577265
1141976
381933
1444520
1258567
1343562
1130198
1587826
1119932
1031181
1491948
1149941
1199588
1445473
1160652
119928
1185195
1236086
171958
1397747
1514205
1437560
132720
1081737
1190070
1368611
128544
1336974
1257880
332886
1541643
1103849
1151100
1536725
1391678
24695
1397179
309953
1418622
1437819
1245620
1051158
1180422
1377160
1225110
120161
1138040
1144144
1283534
130867
246827
1206238
1052961
1217409
1127263
1348891
1523965
1532931
280480
1268905
1048512
1555350
1400893
1407790
1528430
1170774
1362574
183816
1381406
1141632
197825
206542
1329367
1420954
1187378
1496593
1171888
1171984
122023
1561887
1445577
117040
136213
1258656
1128290
164447
175854
1237025
237654
1565430
1514022
1397779
176089
1435899
1238448
186934
1408926
225045
115231
1342727
1362824
189988
1220656
21035
1087548
210631
1261216
1427346
1362437
228461
267700
1222694
1400618
1116065
1497214
1292576
252557
210336
1549311
112812
1132566
1248847
123682
1059439
131435
1073783
263900
1361590
1384942
1474022
1340879
1482359
1089375
24825
1378334
1461018
1279244
1474859
1007617
1458389
296880
1061689
160599
1350111
1328855
147599
229047
1375357
166530
245821
16396
1357173
267321
202642
1052714
172590
187729
1223963
1361655
328591
171948
1337048
1387821
184451
148408
29282
1149249
1578652
249472
1279363
1129643
1212790
1039637
1390516
182545
1155661
112417
257402
213171
1216390
1286674
1423964
1315100
1477865
1559620
1199029
1508134
1377657
1500483
1552000
1016394
1368475
1397725
258676
1272944
1429119
1350646
1283364
134919
1581503
1414159
1046082
1048901
1132613
1000151
1555787
1135175
1302756
1235573
1010029
1427549
1018476
1058354
1358107
158584
108675
1346153
295365
1066171
105050
1527098
1347453
1051106
256114
1406190
1400013
1250840
1440214
106540
111996
1019446
1393971
374091
1051902
1042333
312404
222059
1284382
1066274
1147432
1514787
1339521
1278925
1456848
1414034
1157010
1298393
1338282
262162
1097523
1039928
1458745
1099905
1249558
1504367
1243472
236393
1058187
1578588
1272447
245968
1124250
1394632
1049153
1106773
1525229
1327521
210422
1417793
1518560
1107728
1013322
1174975
1330350
100261
116007
1551271
1523835
129934
1388031
1365198
114279
1433973
1217410
1531882
1523212
1048607
1230577
182159
1548168
1240857
179817
1084531
1045997
26309
1475264
1551627
1306939
205041
1024529
1569114
1436479
1487963
1087985
187122
1313595
1141777
1582583
1430993
143257
335819
1227507
1460084
1009159
230669
1216782
256769
1471662
1297321
181180
1135091
154067
1555862
1317975
213286
1291841
1568510
124162
1562681
1188893
173928
1377075
184890
1552059
1431327
1257514
1167942
1497097
1165124
138594
1502888
164762
1137729
152639
1192220
1209487
277231
1225463
128018
1465398
18668
1321459
203665
1466193
1019825
1485650
1156021
1108475
1001009
1567287
1341351
1458521
1403731
1027193
1577665
1081192
142053
1346984
1247202
12041
1561456
1316956
1286339
1054028
1046336
358471
325775
1239179
1302887
244039
1095974
1243913
1462690
1029092
1473313
109442
1372106
1284853
1047684
1188230
1490080
1503942
1021436
1194651
1412482
1009709
1372752
1014386
251431
1490350
119495
1536469
184189
1135305
1207346
1146793
1284957
1259783
1189745
1348367
1203285
1235612
23372
1060930
1283749
36669
1263582
1216567
1411927
324818
1310820
145590
216509
1503211
108755
1563892
1292107
1154336
1172436
277507
166594
1364404
1024483
1573835
1547836
12483
1375842
1069713
1504148
1335296
181755
1166231
1495368
1218245
1275222
1188682
1088569
1374848
37071
1288311
1357120
1085188
1209007
1216248
147059
1074464
1155742
1300879
1250945
1391452
1558845
1431607
213369
1014533
1429109
1052821
1060017
385364
1240038
197174
344249
263998
104573
1553260
1003700
1014412
1242808
1294056
332792
1550304
1525379
1283256
128232
1404753
1254637
1268134
392249
1579676
1412905
290996
1131708
1522303
128362
1499289
1578851
1142667
1045016
129118
1450654
1465635
1303401
1225326
1315443
1199826
10530
1014579
1358200
1137265
1324071
1149283
1002344
250855
1037557
1208093
1114480
1408602
218308
135981
1355795
1162551
1050198
1549121
1173122
1291876
1453244
17353
1370349
1029964
161741
134207
1300176
1472793
1467404
1498915
1049417
1510774
1081446
294526
1582940
1014790
1254990
19974
1215564
1495226
1435053
115043
105686
1273594
1463979
1547129
1403393
1534202
111115
1590613
1044493
1126681
1139885
1432488
1578675
130452
1486547
1294817
171531
1410075
14773
1535469
1502765
1497394
1316306
1073408
310459
1509964
1231309
1031711
1575392
1035825
229096
1012275
1405553
170380
1397352
1545193
1310836
1585005
1039761
1174381
1113339
1580342
325230
1073228
1124740
1130270
1554054
25879
159440
1311619
1134278
351400
145480
241714
241266
208133
1105329
1292156
1341732
1046408
1242334
1111546
1115064
1447490
1044193
1469046
1057422
1337817
1386083
250798
1027755
1587994
1321714
227748
1552131
1455286
1530733
1298706
1533253
1006245
202705
1590463
1037814
1332443
1392772
1146319
1592750
1296526
1096200
199376
1430028
1060024
221928
1540409
1371029
1150943
1214885
394698
1406428
226396
1240291
1135990
1583644
1260222
1343493
1487321
1361787
200872
1156311
1426858
1464082
1038692
1392119
147743
1289808
118854
1065791
1496572
1010240
1424777
259005
1112137
1254805
1377738
113501
1050078
1361454
1084636
112635
1462606
365608
1270327
1291275
1060568
1028162
1426344
155402
1494962
1555842
1416896
1468898
231020
1355015
163615
1251143
1388518
1223307
1261808
13751
1258516
1242799
1170038
1250174
1506787
240506
1534445
1011258
170478
1029932
1469871
1105764
251591
1478060
1101066
1235730
128311
1078033
188685
1073475
1197279
1333707
1329082
1296102
1503033
189978
1368235
1296125
1099702
1495996
235992
1310928
1498322
1539282
1290234
278411
1016227
1491712
1471293
1358343
125636
1387747
1314997
1361235
1445002
1064676
1471085
188142
230658
1209961
1139179
1022639
1346257
1492655
1471686
1153529
1135439
132434
120308
1048608
1128860
1365413
1365756
1218330
19944
1321049
160278
1348688
1154051
1161972
339588
1060622
1123180
152690
106811
1012041
137593
234069
1067602
1292144
1254172
152401
1151458
17376
190554
1018480
1191184
1423373
1546768
1147700
1591118
216996
1341865
145471
1186515
127242
1049596
1527507
1348682
1344149
1384473
470328
1408488
1528886
1501756
1191779
27442
1480105
1482027
135603
1408482
148965
1102958
1040009
1317857
1234840
1537964
1412863
220352
1468726
111590
1162305
1336295
1130883
1081135
122648
1519499
282027
1282597
1549402
222023
219210
240932
1222081
1463136
1524334
1405233
1215034
1207793
1274108
1320941
1516709
263018
1519120
1008240
110696
103339
1033563
1231294
181810
1589502
1223083
1016841
1293457
31202
1257507
1127095
1546301
1115230
1062657
1041974
1103153
1442519
1169735
160761
1322150
1411809
1059126
1287305
201327
1204219
1080911
1478827
1240832
1457831
1480162
1541232
1107003
1262776
1107212
1007218
1031996
1058399
1011
204380
1545019
1074417
13042
1378719
1180577
1167541
1013232
1076325
1455392
1050015
1524158
355587
110148
1307275
1240519
1384013
1093026
1224359
1232910
1539745
1469515
199980
1499195
1296392
273185
1084047
138590
184703
101566
1191922
108995
335364
207910
1154078
2602
321499
1033134
1345893
201792
137087
187863
1278047
1541617
1538922
1163824
1246887
1548058
1171292
1049292
123368
1277813
369947
1260020
1230467
1488332
1336353
1507975
1540435
127749
1414163
1527495
1226555
135907
1541671
1389693
184099
14036
159830
17798
1065782
1431331
1420053
1136964
1299857
224131
136269
1011490
180664
1327464
1066465
354538
181259
228605
1496906
115591
1325125
1545478
1137820
1022457
1571086
225247
1508707
1238216
1065965
1256211
120550
162747
1303018
286483
1381467
1290715
1477719
109521
126556
107283
1560153
1418843
134220
1380182
1053774
1537963
1156727
1115121
1367993
275507
1593241
388410
1318057
1523703
1546024
1187228
1336294
1538793
1169961
1098229
1447529
166147
1450629
201739
1463176
1394156
1348680
1195209
1559091
1320746
1010106
1147401
1184635
1121856
155419
1114321
1198720
1006995
1413482
1378600
1032039
1416705
1214980
1525207
1476660
1460171
1336819
1341329
1554425
1014615
160565
331092
1380801
1357259
1566474
1275602
1512364
1491171
176002
1529622
217745
137648
1146374
221112
1494728
1324768
28973
1519983
1332822
123976
1062522
1058006
1546282
1314783
1376089
1497554
1205011
1572465
1003076
1433902
189797
1073469
1221189
1568562
1469935
1545569
19490
1522889
1355869
1264953
319081
1487305
251424
1239273
404651
134807
1320940
1207051
1014873
1352448
165397
1323408
1025677
335570
1472475
348531
288986
1355182
1196901
1021054
1475879
1420562
115754
1115073
1397928
1087637
1343131
1189503
1363127
169304
1163920
1516150
227807
214905
1148149
1319038
1476824
1220311
17783
1244294
1314097
115358
1187141
1201064
1415029
1283075
164933
201049
1022789
1289233
1178671
1012988
1458012
1238937
166465
277702
178279
1059190
1167254
1163968
144871
1213471
1244345
1496006
323869
1288763
1322763
1045926
1313413
1561557
124462
1123136
1031474
181170
171959
247269
1520264
1177634
1422138
1256676
124076
1233680
1006093
217546
155395
1225819
1140377
1370713
1498402
1215821
203246
351285
1208813
1226383
42028
332777
1178285
1275549
1548405
1169882
218620
1295410
1402500
1080698
1553276
295460
1262736
1100578
1401100
1593312
1480161
1540928
1456105
389461
1263334
182327
211700
1338566
1446606
198487
1373752
1158962
1499896
153518
1102504
1199799
1336393
291887
1010903
1550943
1144019
1565256
1362596
1285700
1188654
1044710
1237535
180171
280040
105210
234215
109676
1224757
264529
1205073
303097
115049
23226
1502193
303819
1186631
1016784
1522717
1444262
1265318
1382352
217520
126848
1320651
1135179
1302149
163765
1133618
159448
1223426
1581930
284560
1584795
1173305
1358291
1382512
1422157
1420658
1367903
1199663
1386482
1305413
1093860
1226671
1401205
1464238
1512797
1285813
1236050
183564
1390142
327070
153717
297091
1335324
1317495
1304022
1282528
1034723
1293710
1540118
1464379
1227094
1426262
407305
1232822
1396050
1103295
161368
1445960
1374606
1139716
1520002
1377252
1145911
1429502
176693
1153594
1067575
1471333
227824
1269329
1424700
1133028
1338482
1497652
1558020
1143913
1496889
1124449
1509395
1131869
1423717
346239
1244962
1410851
1076674
1315707
114784
1423769
1042458
195067
1360933
1115870
1289243
1177469
252726
1031247
344955
1424562
1534418
1580748
1349330
1033837
1225666
1042210
36012
23305
1534404
1107412
1392648
1339683
1105425
1108173
1342270
130711
364891
1538516
306119
398837
1023240
1051883
124678
162329
1192448
189466
1318987
1384000
1300411
156028
1523285
1148060
1241117
1570
200108
108631
1544492
1477403
1486959
1017536
236250
1212131
1288904
1124239
309720
1115825
323103
1122096
1209068
1372942
1285022
1535901
149358
1486990
1336975
1336196
1532712
1352462
1384223
1002662
1094824
1471831
1136929
120536
233661
1014172
1177191
1575944
1369745
1459680
1031841
1347292
1271541
1296528
133753
1369563
1502234
1361575
1358989
1323743
1073988
1555915
222351
1387333
228833
208327
181367
1031813
1367106
1263799
1176668
1329112
1359150
1528242
1324331
1424305
1251728
1362987
1041671
1106106
1413506
209056
1407523
1525719
119453
1493860
1345325
144319
1568656
1541019
1541506
1276612
147760
1438631
200626
206150
1593291
357261
455383
1469918
248520
1303898
1093139
12416
1088451
101626
202137
1397592
1157497
174079
120214
1419806
310048
1288092
1474990
1316097
405283
154032
1345860
1318601
1140970
368212
1258177
1430415
1081933
1439589
1006819
1098957
16890
426901
1305297
1351129
298191
1418662
1515339
1112389
1295702
11335
1365566
1031072
1409238
1414658
1401349
1516738
1249103
1320192
1000775
1353546
1519568
1073778
1337858
1088238
1553609
294052
1105124
1582388
1508523
1200202
1482400
1082997
274857
1015312
110669
163948
1207075
399366
1168611
194614
1455182
1567039
145064
224208
1539248
1381387
209375
203116
1282714
1291267
286120
119659
1303288
1531120
329808
1281198
109454
1200790
1322514
1115258
1185384
1205310
1304173
136382
1581339
1238277
285096
182049
1517118
1399137
125824
302938
1003959
159230
1545608
1061775
1338391
197961
1442282
1223316
1564117
1535651
262377
346552
1050230
1459297
1088690
1498149
42405
1593359
1354742
1054299
1380483
1335582
260785
107599
1510005
1474704
1057238
1414220
1438547
1020814
116454
282757
1472055
1397832
1468188
1178210
1243315
1137549
1275049
1281819
108734
137067
1152461
230431
1120491
1212315
1256063
1234580
331934
1275852
1291221
1007159
1585035
1387248
166172
1093731
1519174
1298593
1006716
1363382
190862
240406
1427026
1105570
227135
1523913
184510
1331639
1507463
1504498
176559
1553698
29575
1440808
1314197
1166336
1317992
1281689
1472776
1149764
272288
292877
1103610
1201065
1448741
1401149
1056165
1001852
1504243
105866
1010147
1311541
227937
1309702
1010533
1104369
1299044
1430732
1481235
1149306
1190583
140205
187241
1141280
151798
1051587
1406809
1268575
1144848
1163881
1012414
134552
1455444
1352972
1113359
1430767
1343890
1578221
1425193
254547
1179745
216527
1254197
1191789
1166392
200411
1225452
1080746
150078
1088599
509743
138428
344561
1020382
1356939
1282118
247855
1324285
116254
1488271
154266
1017896
1097136
1293768
342425
1222889
1399200
1032443
423527
1113763
255393
1178107
1513982
225046
26729
1209450
1238835
134715
1347177
1217972
1429793
113319
1517485
1242247
1314396
1071477
1542722
149587
385865
1458406
1101578
101600
1085514
1440519
1243265
1219948
1173919
1161536
134963
174267
1320601
1316495
1577772
151066
1331926
1439454
1435022
1324064
152064
325369
277354
1488144
147459
1190822
1152584
1464055
291200
274017
1254628
341925
115132
1407434
143048
1367826
301672
1189672
1438855
155932
1358057
1069795
110866
1015144
1405828
1023817
1261767
1205190
1514374
1538867
1344115
1578297
1003512
1045420
1306241
1232568
1579998
1526352
1137906
127206
1515152
1545870
296135
1413328
1149761
1311536
16050
1214501
1129785
1020770
1129299
1384472
1178957
1061820
420245
1146590
316535
1061475
163470
1094334
166815
1396782
1004893
1025967
1480499
40560
1386767
1484312
1243068
1593194
1187253
1291038
1051733
156492
1052153
169827
1445407
178514
1158798
1301355
1001703
1404143
1545364
1468662
1067562
101872
170849
1257966
1099501
166171
146621
1076853
1057909
137894
1203241
334812
1423146
1312356
1174614
1431904
1516235
1035349
1132739
1204346
126084
1383727
1488996
1476071
1034584
1087789
19388
174687
1186985
1045727
1376922
1067548
1227631
1104206
24101
1428154
1384837
263122
1000460
118425
1350875
1506451
1345044
1177204
141406
290945
1348162
1533184
1033628
1144638
1289173
353785
1553908
139248
1110274
1224276
146785
1183831
230490
232053
325558
1343659
1547125
1156197
1456206
1226834
1242983
156515
226350
1040333
1232977
241963
238279
148728
1358514
1143174
1221840
1363565
1282435
165263
1164520
1101635
170915
1524343
1317174
173129
1347712
1127686
1485040
155689
1084166
1278330
1147010
1165682
1491886
1271958
1369737
1452332
244095
1261562
1283797
127637
1097362
1508271
274810
1183272
234434
1428512
1543811
234845
1117681
1350724
1184504
1119653
1508219
318943
1054321
1454632
1298334
1048290
21351
1204538
1394440
1347542
1389962
1007720
1346370
1186615
1315632
1016545
1588606
212177
231031
1212341
480464
1341383
1498631
1068864
1511599
1368726
171203
1014635
1567609
1277248
1475476
303799
1301423
1165821
1064984
1185458
1542413
413275
355501
1181410
147391
112653
1536571
1588921
1560824
1340054
1275234
1462134
1252464
1260071
1431479
1424728
1374428
1346710
1303537
1236302
1435678
1009606
216837
1395974
1334509
12059
1218159
1273827
1054092
1344242
1295475
251667
1309729
181570
1042169
1327054
1423547
1241231
1242132
1068561
1201317
1522569
1456289
1149602
1388569
1141418
372779
1164461
1564280
215152
104532
1448343
1146968
1265204
1425840
1463765
151442
1454183
1280719
1163087
23986
1525824
1090794
249516
287789
1084856
1157139
1440568
1360442
1353976
107541
1139942
1214036
1292820
1175062
1020445
1359409
10203
1163429
249538
12258
1302017
1185269
1207210
1095860
1206700
348707
132223
195217
1022721
317784
1039709
1074829
1070781
115242
1455742
1118688
1450016
268352
1143446
1009697
1573343
1193667
1323368
305536
1184835
1184414
233328
1111590
195515
1293090
1203368
1341414
1326605
182775
1408438
1109174
1006319
292789
186525
212638
265109
1240027
1572020
1160181
1323438
1484127
1517913
1411509
239788
1564941
212468
476769
1234220
1187672
1328911
1512638
122100
1228381
1465992
155641
1481304
1069975
1156110
11284
1133468
303932
1304424
236618
1467871
1125407
1331789
1442310
179704
1207799
375673
1514496
1134669
316672
221331
1088609
408778
145565
1017725
1169531
1447857
1182385
1071929
1218342
1413896
253933
1539743
1103266
1376704
1035897
1530171
305775
1088020
1329695
1292032
480326
1104905
1505210
1378042
1049709
1536812
16597
131311
1324401
183130
315624
1346161
1282493
1193687
1268153
147080
1385214
1093912
265862
1469615
1331363
1555279
1531258
143477
1316625
1345204
1324772
1568234
1329739
1574555
1279459
1173083
1046243
1363407
1041213
1020970
1090651
1388130
328296
100940
1238970
1176498
37660
117609
1245950
1096946
1188281
1350497
151116
185533
1567770
1082147
132714
1124810
177088
273795
145878
262429
1094122
1116136
1149702
1283786
1006424
410105
379500
1255183
1481691
1305282
1106267
119792
1562518
251034
1320136
1579799
1207901
1584569
1267332
1389046
1063626
1380241
1464785
1026351
1005272
1227158
1325276
1400674
1524590
280589
1271204
278184
1235732
307860
1235649
1561967
187924
1134405
149980
1306598
248591
1248572
1514982
1576319
1265791
1064733
1211121
133307
1295171
1380582
1288073
1233624
1370808
1418142
1533346
154254
1041002
1512586
1022230
167431
357370
1437548
189909
182025
179747
1550234
1436793
1436757
1457524
1064481
207312
297379
1527249
1367112
1126174
1257577
1291892
1458193
1423007
1124728
194127
1398963
1120344
259217
1385028
1304375
1078727
365149
1498589
1050135
1360122
1395114
1409985
1339592
142936
1046791
1067238
1064
1550051
1309701
1423845
245359
1378171
1462236
1049582
272672
1305615
1458245
1480593
1492682
364963
1570430
1178752
1319300
1420348
144315
154928
1527826
1179027
1118586
1549664
213295
149765
1036416
1233630
1204495
1186603
1304558
397380
1244879
1060949
1280625
1538779
101070
1076807
1107872
1276330
1115961
1542062
129233
1173399
1104043
1156881
200465
1445816
1196930
1226297
1399418
1268835
505762
441788
1276298
1106494
175637
154978
1503087
1511470
128715
1072299
1062250
1442410
1141303
1220513
1453924
1072050
1427497
1552824
1407050
1253187
352454
119731
1509534
1213624
1340590
1316454
1267307
165452
1421437
1042749
20649
1429292
372661
360898
1579485
1344584
1316718
1496653
1271483
1252979
1079488
1103619
154804
273448
1399381
1041132
1319127
1226086
1196872
1067685
1299140
18770
145067
276891
1562899
122964
1353473
188525
1278187
1423088
1461879
1142304
1500475
1381037
126388
242707
1077121
342059
1268205
128004
1244698
321577
1303692
135528
171908
1245103
1087868
1247017
1107913
1446889
1421777
1403803
1126574
1287687
1116865
214133
126822
1335970
1186753
141227
329925
1505374
1009039
1115056
382595
206483
15933
1162950
261805
1244384
1507260
1300854
1430800
1017362
135379
1525052
1438646
1192781
1266275
1396311
1149697
1020828
1124468
1471716
1557700
1375069
1370346
1590854
193986
1231082
1297760
1286550
325766
1313587
1329468
1192084
1499392
1250972
1337330
1551079
1306199
104550
1360395
1370132
1187431
1312625
1369399
1421220
1017814
1404523
1052029
1535298
1191593
1267935
1049366
1114943
465358
1369315
1197508
1238908
34474
1320237
437251
1087502
1150168
1549289
1215605
239970
1456877
1247179
291759
1282237
169525
1162857
1370830
1094114
125284
183805
1241315
1013574
1070154
1024325
1046119
1321837
1356510
1203988
118496
1399582
171939
1178195
1009398
261539
1532934
165596
1392080
262873
1456783
1331499
1100524
1247877
1055503
198856
11182
147159
1169391
1327528
1475913
1249709
138580
231587
1240517
1531093
1187387
1121255
1074915
1514951
103588
109396
1044544
122168
133247
1231772
1399993
1453614
1026722
156680
1560292
1116068
345467
1425069
1330779
1216447
1412044
1459672
27807
1577386
1203361
1252180
1591151
282882
305422
176700
1083902
1009756
10293
1026270
1295362
1365353
106325
1234613
296300
1147184
29366
270412
321383
1523451
127456
1152036
40921
1076981
1524310
1126344
1153187
146156
1159819
1371960
1157298
241113
1041581
1237386
163856
1450684
1048212
1538741
1461046
260052
1167651
287568
1293676
1108071
1229692
1504838
1545143
1222482
275716
1356502
164414
210028
247425
1449648
1548221
1311290
208437
1386820
166802
173961
1268822
15856
1458729
275659
1461987
1391267
1048758
1433795
1207878
1261384
1540479
1451311
1381124
1359313
1119112
1197905
1020740
1000535
1238121
326925
1480120
125517
1399109
187124
1154988
436924
1469485
1181822
164500
1559105
1052158
246247
104978
1037068
1129918
1554765
1371677
1139879
225070
1323439
1108502
1149129
1132672
1182425
1352569
1379263
1297600
134519
1179601
1260438
1041164
1233371
111493
1517365
188902
1555690
15369
1174778
1243122
270776
1365819
1262504
210175
168256
1111917
1088667
1430616
268664
1436244
1565750
1458832
1356455
1431556
1079819
1030559
1158032
1450287
1381880
1564673
1265316
1324556
1283492
1288158
1558978
153799
1269416
1535166
1453550
1035788
1116643
1316416
232820
425786
1097156
1206639
1374730
10011
1287766
1095939
1195316
208528
208585
1260632
17315
1273895
1172603
1219894
309913
1487166
1440157
1549742
1375248
355726
114884
451450
1181902
1305682
1133174
1238355
1522601
1144744
1338823
1422487
333206
1160434
1168003
1239114
1211036
102146
1262963
1363128
459431
1438191
1249401
175341
174159
13717
1129691
1231194
1455535
232224
1553890
133220
1200186
1305007
261791
163323
215061
1139517
1298957
10794
1228517
1147614
1478823
1223123
1022185
322699
1312713
1346833
1501455
207740
1366901
1184415
199954
1093372
1469825
1582221
1257975
127750
1553075
1190356
1146464
1283042
253395
1440392
1577268
1074013
1591171
1370770
104557
1208606
1313478
1084857
1506449
181007
280355
157515
284821
1004505
1467867
273380
153915
1123181
1046729
1558929
1514171
252959
1453855
1335154
1091709
1392981
1478374
1014160
1505797
1013741
1531393
1346496
1042044
1561860
1454299
1017541
1086065
1578749
1163081
343592
1372565
148092
1084764
1480500
1046160
1454103
1015466
1433945
1350621
438943
1550873
10688
1198246
1345127
1515646
1215324
1418084
1368847
1207965
1078139
1042294
1022006
1301731
1177498
1380933
236221
1065683
204351
1422681
1383242
152948
1564738
1273949
188147
1380314
1225327
1400531
1437942
1012535
1396431
124374
1276127
47691
1219089
1156570
1372530
1566860
1209900
1292364
1547642
325802
1121098
274558
1404437
1590268
277496
235415
1581181
1379326
1536581
1322544
1250187
1186377
1458104
38093
1118256
185432
1006004
1194053
1549420
1210981
1448097
1229872
153414
1312226
1341330
1348686
1028908
146109
1592293
1173303
151619
1035006
1424919
1528315
1288803
1525656
1366017
1323558
1419552
1191178
1332463
1510438
34720
1504937
1121579
277466
1272791
1415598
1010755
1009766
373326
1319201
1183684
1463062
1221655
1203725
199509
1000104
1052145
1034711
1575464
1443618
1411760
21533
1161590
1310994
194728
1070073
1124801
1315514
1323417
464146
1231524
1514251
120517
1046284
1412120
1480164
1047046
1195567
1394242
1080396
1541730
257290
1485265
1449585
103757
1443290
198488
1012211
1492571
270323
1545187
1451232
1280098
192511
1489072
1211985
1107113
1276893
107955
1302060
1590154
189503
1229699
163564
1106201
124092
1419253
1270611
148780
1472298
1403732
328001
1552517
1283226
1095501
1375428
1228988
1119080
1394718
1561712
1277940
135562
1386624
122069
1375957
1114322
1310670
180585
1784
162702
271202
22460
1571309
1359023
1099146
1468136
1143851
1384242
342577
1435012
1367076
105222
1547363
14664
205615
1343242
1403480
10108
1408504
139520
1553298
1028198
1208291
149215
1119176
1053106
1266360
1392500
1316403
270865
341568
1540762
1101048
351827
1477148
1052867
1154607
1375460
1298766
1120210
1464528
219100
354801
179592
1579376
14910
1122431
1021295
1376629
374793
1500106
24726
1011076
1356282
1172978
143926
1275235
1167114
1569927
1436923
1229905
1405216
1449243
275035
165767
1386806
1264732
1042786
1174964
1106127
1489341
234283
1389914
1091826
1497258
1009607
1321880
195014
1392726
1137301
1455453
1518739
148524
1253947
1534809
1269534
1081267
1514279
1200041
1215429
391242
1097491
1056680
1456349
311479
1480402
1201472
271779
1205152
1210073
1115931
1534357
1213880
1009810
1233280
1234276
1553548
129604
1295955
1539433
1097779
1117661
1499373
1587202
1448250
1247684
127954
1008939
1312700
1130216
1474881
1309965
200792
1035939
246328
1455736
11168
116285
1567912
1458646
1037143
1194236
1368427
261745
1469729
1310066
1547212
189582
1335504
176933
1289977
170830
1465258
120255
162905
1546962
255968
1407640
1306118
1044559
240875
1552342
1559310
119550
1345827
1098168
1142602
1483323
1542215
223782
104428
24360
1470243
131092
1069453
1477010
1235540
1433647
1493434
1349619
144831
1548299
1587828
1483943
1177548
1254301
1297690
1137410
263186
1058662
1123646
1586715
1033366
397689
227378
227977
1218009
384431
1415110
142003
301319
1104128
1423403
1280525
1155397
1439397
1119547
1047875
1336184
1199893
1437374
1569430
1573010
1050980
1380164
1319864
1346188
1075407
1472938
1237868
350542
1034227
179388
1251009
1007153
1236175
1393782
1029695
1345198
1284176
153898
1404446
1099330
1534597
1533320
1307511
1441207
1506191
1091999
1303538
1011633
1490404
1155622
1120095
1292052
1523076
168464
442448
294649
1552940
1074290
1407516
156930
1090498
1581490
1123763
1560057
1460744
1468224
1492086
1363383
1004078
1187432
587640
1403713
1235928
1091890
1552503
1586077
1291126
1260978
1177657
1142719
1152919
1527703
1109650
1310190
1130785
1377780
139281
1392004
1295285
1009551
1501896
1346584
117996
120983
1287908
1334443
216206
1250138
172548
1520892
1591266
190134
1547355
381595
229770
1396758
1438484
242356
201542
227720
236655
1414696
207389
150070
203547
1355858
277700
135789
227974
1021363
1274405
1437893
1488843
249877
1444023
1503154
1060669
1049443
1412595
1421209
1450495
1200896
1119712
1319980
1280550
1298070
1188241
1542452
1590797
1561805
340787
1444759
1295625
127919
1410872
1115589
1534367
1317150
1034847
1399575
1206974
1140456
1545726
16979
271393
1541368
1143212
1379751
1457355
1408339
146723
1277217
126796
1202054
1486147
255987
175848
1271237
1061550
1169702
204381
373086
1404758
121588
1365177
183149
1491713
1499654
1446543
1339006
1300401
1059165
1590983
1377001
243539
136622
1423099
1476844
1407290
1419127
110721
1375315
1033522
1103907
1166611
1364094
204789
1390359
1519988
1319164
1044314
1192714
1086295
1051772
1467260
1166651
1242398
1384158
1463871
1592891
1454721
1556848
322165
1547588
216073
1489882
1304754
1033724
187851
1361586
1400762
1347317
10204
1063962
35143
223317
1068099
1450836
1474929
1132609
1565306
1357373
1184045
200622
142306
1588680
1038256
317745
1215239
142291
1545721
1182796
184269
1301085
1014890
1548004
1419757
1091974
1350198
1110715
1236456
1591756
287580
1426798
296109
1064810
1522861
1111673
50555
137594
1477125
1447876
115876
1252347
1055546
1276128
1114775
1554366
1401676
1505932
1126918
1111072
1189022
1164504
1390797
332778
1013769
1133103
1513079
1111497
1047053
289773
1423450
1200159
153499
1453833
1165036
239739
1390632
1346873
1227469
243644
1162125
1415642
203940
104537
1055382
116616
1131658
1220007
1340166
1413390
156585
160439
1176595
1473929
1197861
248111
1129187
1369341
141309
1218331
173573
1263125
1366755
1333708
338316
184841
1105181
1175573
148966
1287445
1296481
1390947
1395412
282622
1550357
1585940
1131859
1027132
1354659
1173500
1350684
1278286
1285118
217569
1175959
170144
1222538
1367547
153979
1153644
1010148
1555843
1264297
1537920
1442738
337502
122462
1173437
1386010
1278383
1077940
1100135
1494402
176714
1368699
1530788
129290
115475
1421512
1051330
1224710
1317620
122854
1481277
301182
1431405
1137988
1462708
1383860
133155
125194
1074971
39314
1107145
554988
1221146
1223033
1292365
277108
1383850
1547571
1554637
1521521
1110691
1495253
1135729
1036420
1345160
1067666
1215373
1480755
1259304
1034896
1530491
181412
164456
1526710
1571411
146491
125577
1303397
1040832
1073065
1404887
139039
1176698
1104745
1213125
258731
1546660
1117414
200479
179651
335528
1541191
1589978
1211177
330081
1533542
1110780
1229263
272666
279308
1585990
1348135
225211
129589
1339457
187888
1280907
1355756
1526714
291465
1336935
1131099
1455406
1106686
1452368
1175833
1094816
1358926
1184937
350392
1412714
1523808
1271130
1553575
1324446
1548671
1211534
1526582
1113092
238009
1537251
1455726
1322252
151465
1468630
159950
1570257
1537255
1226665
1308906
1335320
1386111
102058
1006589
1415420
1022146
1309594
1259340
1425429
1032024
1008420
327103
160932
1286258
1512619
1109274
1058523
189748
1282299
1215279
1034149
1315322
1188780
1556118
320442
1306346
1458434
1422918
1263684
1226751
1168344
1519275
1267767
1331864
1282070
1060162
290489
1047284
1558787
1540600
1168190
255603
1028723
3534
1209090
389895
1198417
10882
1088770
268520
114222
1225476
1049232
1540844
1044712
1010417
1047700
144787
119231
309640
1405085
1100362
281895
383791
1460269
112350
1517551
161277
1386033
1429384
1123294
1171452
255062
285406
11237
1044770
1058834
228076
1140114
508234
1361708
103738
1313116
1182784
1506322
1216564
131570
1504332
1261017
1418199
1359835
1245476
287229
1365981
188712
1492180
194403
1092515
254486
1136747
181410
1194008
1244545
1592834
1359896
1220250
1177175
1521847
1284529
32172
1535495
1268546
1087440
1045781
1217463
148708
288921
1458947
1502650
1590669
171147
1412152
1084122
1539037
1576032
1106577
1171327
1178339
1161452
1337085
1147652
193508
1234978
1093018
1370855
1396447
1052835
1100240
1569469
1189616
1146533
1155606
110419
1489042
1382524
1000926
1314954
408866
1186000
1126442
189201
129555
1315980
1301026
219694
1225046
144891
1209101
1300781
189210
22614
1365664
1079675
1473226
120008
1537083
159463
231405
171610
1502605
360308
1587901
1014708
248021
1311603
1511003
1185183
1038979
1115971
1140272
150038
1556222
199560
1024380
134559
1496065
1267315
1472689
1191208
428968
1451908
1088028
1519257
1275040
1120653
25125
1047788
1564733
337030
1371541
127001
1384639
1359332
1579744
1325839
1345589
1132545
1407702
1502107
1198559
42527
1546969
1504399
1283962
14420
1450485
1283728
1297183
232295
1521154
1385610
1040169
137799
1132232
1343590
11010
304888
1086786
1396671
1471224
1088561
1445100
1547924
1408973
238983
101534
1147059
1378450
161335
1492554
1258242
1175178
1443381
125798
1426618
237414
1305889
1410603
1179031
1365038
142048
1029762
1367811
1163843
110774
130215
1427545
1349737
217044
1117011
1515028
104661
320304
13494
212452
18207
304288
1374841
1542990
208155
116589
247926
1261903
1513740
232245
1445163
161099
1414848
1394615
1553217
130660
1106360
1320632
238375
1172015
1310052
163758
1171043
1337636
1511309
201509
1233738
1425241
1130106
1517996
119882
1239976
1564253
1526293
206290
1188443
1010860
392277
1330129
1199749
1026986
1167032
1133762
148474
165672
1012847
1347372
1418306
1575776
1093176
1289281
1000555
1029752
1568750
1417917
1218766
1323233
1198997
1039217
1358850
1402720
1469849
1120041
109420
1112756
1414715
221484
1398837
1456040
1347666
11025
122547
1021702
300902
1158882
1058477
1261273
1044022
1405133
1364225
1236637
256495
1187007
1200582
1498689
1240568
1386815
1189892
290970
1428178
1413477
1554335
1000617
356287
388358
1406296
1125984
1542453
105417
1193012
1378370
1086258
1034165
1113461
300916
1475917
1249286
1077651
1315500
1278434
1579913
239021
1220715
453593
1392085
1277056
1501880
1533751
146275
1274209
1060926
1078708
1109456
179340
1022058
1395960
1174314
1002728
19671
144392
1189939
1263272
132564
1459553
1143811
104758
1441943
215647
153113
1107156
25278
331315
113155
173990
303766
227918
1159829
1460499
190631
1064467
214764
1156614
1096187
1351078
1485377
1084117
1321778
1483965
194531
1530847
1297348
1146038
119017
1539260
1545310
275916
1104287
208921
1489410
1218487
1214
120739
1413594
307461
1518538
128127
333171
1359584
1310721
1182104
1118042
147364
194588
1314099
1053282
1235914
1272317
1081898
1370711
1294256
282129
1443904
1464155
243873
128963
1060054
198636
14547
1486741
1389954
1103127
218270
1515876
1062759
1121425
1508763
18179
1592042
1133255
1477473
288166
1528623
1418307
249389
349356
1237499
1178196
1592378
1111954
212357
1292864
331574
1036865
1158081
141524
218961
1508989
1005605
1520455
120131
1107182
1283261
1019200
351434
1166711
1217960
1338666
105065
1543655
1071343
1009604
1144915
1069449
1282163
1174823
133088
1075249
1465099
1398525
1527002
1079075
1192394
519339
1297452
1552945
1059280
1203571
1315579
1344403
1248456
1387627
1001275
258705
386719
192151
135189
1247729
1049496
165382
1291688
1570739
372840
1523260
1580991
1016155
1494341
1138739
284865
1210484
1041458
1566558
1204777
13894
335776
1565693
1550518
1183587
1419312
119822
1338083
1148353
1059929
1420637
1324672
1201810
1360531
1322175
1312459
258286
1099747
1473060
1137753
1326312
1273979
1473799
269066
1394331
1503829
267786
202450
1504558
112743
1540845
202692
1081265
202013
1008421
1173504
200892
315
1558291
154284
1337882
1467448
1232013
1265394
1519032
1106260
1061678
113278
1104697
1137835
1850
1323252
357401
1467214
22678
1041143
1005098
1062674
1041571
375880
125844
1146211
1303297
1531992
105055
1230099
1160299
1248699
140360
1343304
153689
1132910
1443380
1031249
1276331
1136771
1090032
1456294
1405400
1522350
1461574
122680
1142480
1130952
1345658
261043
1505903
131052
1122506
140394
1221314
1339157
1341565
1022072
1283586
133871
1509011
1381213
247964
1145849
198479
1445306
1002858
1496386
1555908
190544
1124622
1140246
1360306
1381580
1202519
1347965
1565013
1558345
1205976
1453886
1381869
1003116
1119550
1532051
1179310
1192380
166638
123040
307676
1065490
1383906
1007553
1446769
1426611
1171929
1270414
214428
12478
1445553
1096834
125317
132264
1220484
1453163
1384311
1102152
13413
1378510
166270
1416321
1096107
1133366
193445
1249945
1465211
1169866
1091952
191610
1139990
118739
1386379
1499474
1547475
104208
178218
1041739
1270818
132397
208890
1179386
1397406
1155817
1027226
1321193
112326
1573078
1433096
122718
1103691
1163672
1417241
216568
1147667
177388
1386064
1237351
1268543
123805
17752
1029219
1442626
194257
1564675
1526416
1440135
191752
282382
1464799
28688
1264816
1531463
1348908
1158105
1429865
1251746
1410746
153431
1065719
1311502
180418
1354055
225762
1169505
1453252
1511386
1367230
251326
1274782
1251305
1341319
1522692
1197055
231980
1427183
1294213
310220
249878
180264
23494
1330657
1267700
1527669
183358
18800
1020060
400098
1234973
1256184
1123623
1331107
284202
1308904
184565
1032802
1457347
1287958
241387
1553857
197646
1364408
139867
1010743
420065
1143710
28748
1258113
1275262
1071230
131209
221816
1214083
1164861
1219424
1355193
1175824
1088274
1330837
104002
1445534
1101092
1016771
16189
1421186
1326388
1325287
1426120
1339509
1161525
1244520
1022461
1402621
1063207
1350131
1436033
136909
1388739
1243522
1479224
1170651
1327664
1413887
1439391
1332064
129429
1420212
200927
1194552
1534682
107197
1261605
1019758
1218160
236233
1108868
16303
178886
192867
1290328
146807
1513713
1574415
1207076
1024773
1009100
1167633
1246047
1145868
150840
1584586
1540144
1051053
1376285
230983
1393586
1480254
1167930
1233348
201019
1390646
1207225
272773
1092044
244091
1345897
331630
1389027
1405667
1127400
1094273
1471929
1526200
1019679
1563767
134584
1382320
1314350
1509554
1438042
1281849
1109369
11067
1070085
1335794
1022125
10249
1292385
1445162
1523994
1337562
345633
1534948
1136622
1165795
1213664
365597
1541248
147684
1546705
1231146
1511891
1396670
1492558
1175773
1228899
1341117
20533
1199990
1433653
1150311
1469337
1410602
1360758
1178800
1224284
1398586
132511
268191
194486
2327
1229328
1183277
1358218
1451962
1518309
1443007
1198761
1334449
376608
1564956
462290
138523
1378556
102418
1201362
1165837
1034692
110450
275431
150128
160957
1345982
1435064
1330895
1094140
1586415
1470021
1438825
1041432
187469
1004781
1113771
1012119
1432875
1301427
167825
1544784
324688
259687
1098272
1591653
263027
1567928
206052
1518479
1557893
1488250
1110173
139340
1291123
215062
1283727
1297876
1295909
212183
1081616
1333483
1050388
1031431
224018
247208
1027985
1547969
1008241
1429589
225172
1388951
1181491
1534781
1015775
1279757
1275277
279977
205415
1167236
1467160
1175872
1289620
1492889
1154562
1142995
324210
256332
1549327
234084
1318214
1196992
1030857
1346646
1323664
1123713
1131375
1470271
1463182
180608
120743
1511619
1505255
155440
402069
1220035
1016362
1454191
11147
1240829
128498
1112906
1374586
1436929
1503000
1415272
196824
1131563
1563255
1263520
1473563
1080467
1141683
1326871
421472
1020781
193117
1114519
1188534
1589269
1330138
1050037
1109728
1545375
1559106
1075408
1198730
241047
1157983
108166
1208072
326197
1360790
263804
1430883
1335047
1448074
1466611
1089139
1240440
1322913
1168277
32408
1091891
385226
244163
1380995
1424102
1288466
1320946
294318
1176059
230788
175015
1050981
1490497
1553895
1402126
1276947
1264524
150827
1575551
1233861
1311315
1279839
1376603
1450805
290958
1166517
1011781
1531209
1338698
1362165
1184084
1511844
156548
1498057
1325578
1486821
1535718
1031926
182808
200319
1108304
1079646
1272734
233444
1158578
125666
1518031
1540134
227443
1346498
226843
194152
229628
1267846
263194
1161251
1473390
1356361
1422851
1177263
1578526
1384305
1390719
1194110
131959
228677
1424073
1056337
1445333
1454741
1250722
1368428
252662
1067723
20419
1149978
1423094
1322650
1395127
1464657
1004805
1524664
1229693
1236783
243761
1509851
1485548
1513826
1007453
211163
1546968
135192
1353861
1109882
1380513
148360
1515445
111826
1529173
1105398
1457982
1469936
1335361
359965
1176429
1005129
113897
1502164
1255566
1157908
1065806
1103442
1337701
1009679
241101
1291793
1382264
1195554
268469
1130497
177744
1417230
151324
1290110
300068
1352595
1266305
1003389
218553
1424597
1049890
1585007
1551264
198757
1195862
31098
1173034
1331380
112571
1105684
1317151
222863
384811
1364090
187486
1319832
1295962
215789
1318644
1256706
139475
1060497
1424979
1297325
273900
1590491
125586
1536833
1587407
1334164
1188236
162992
1234826
1424411
1593391
1290843
1181917
1228621
1446737
335048
1297228
362640
1430036
1271532
1293003
139766
122836
318477
1586030
1407527
1187581
1310546
127135
1034980
207455
1182865
1048750
1101031
1293084
1496364
193372
162322
1256418
130344
299233
1573918
1206294
1145940
206436
1002267
1133396
1063071
1251521
1403721
1428709
1463547
1274208
1404679
1306513
1097501
315666
1000198
155802
1217959
1383385
229546
119874
1015226
11487
1353593
1086236
1378012
1199036
1471143
1108842
1128448
1374368
215638
207230
294344
1008769
282169
1122482
1284069
1521360
348655
199098
1003606
1315620
1409709
1186320
203954
1191513
1027744
1035477
187605
162798
1101118
1002476
498448
1234155
1592458
275481
187951
158436
250525
1371573
1055886
1054660
1562362
1148182
1432430
23471
1495652
1565036
1482775
301167
1345480
108453
1046929
1307794
1469943
1262113
212933
1542338
16079
1023829
1048472
1359303
1086652
1379715
1054384
1277801
1016599
159487
1412289
1294655
1383051
1311237
1332065
1341246
1047001
148347
1557325
1317170
1436856
1176033
1241257
1265548
1259236
1323890
1021883
1548508
1106060
1362261
1001510
1068033
235868
1165633
1448800
171668
207016
1139905
1262109
1544896
1056629
1483350
1490303
47880
1023423
1474344
1475906
1036164
1185621
1330797
1442771
1506321
1512925
1321010
1145996
1325958
1334058
1464402
206532
1515326
1064603
190423
1468470
1362731
1367764
1072777
196856
1337734
1498030
1522284
141972
1418529
1124769
1324862
14659
381856
1196021
51820
297186
1197078
181759
1014339
1282091
370798
1186833
1011167
249874
1270938
1018715
437395
200695
1165955
1320044
1129510
164229
1035948
307182
1519008
470864
1045049
1047054
1546324
1514419
1442650
1554830
1496647
1412858
272651
208721
1114201
1237101
171166
139164
1147833
1042625
1099577
1042626
122991
193404
15389
227027
1466704
217116
1261483
1508407
1113151
1478725
1012235
153592
1421364
145990
1514680
1430711
1360494
400578
202493
1062419
1454486
1083102
1401038
320926
10997
104790
118210
1562220
1297224
36856
277938
1376926
148366
1035060
1396054
104841
1141033
167725
1233529
1255567
1483446
1554727
1134867
1103143
1337443
1269955
1346003
1206800
1191561
1068657
1113878
1299929
1533543
1056928
1557876
343182
1472619
1570206
1190981
1332545
1379356
1372475
110970
1540057
1047128
1062242
1529380
181520
194166
1260744
1414438
1050826
1315916
1420750
1302033
1127859
193617
1371631
1060780
1043771
1253317
562660
1453662
1425154
1537670
1547680
1290788
1330816
1271802
1117063
1105790
148875
214651
1573682
1415707
1051892
162108
1454798
1463014
148573
1591069
1237235
1013032
1033519
1517665
1213567
1506552
1038883
1286379
1083958
1182299
186954
1381254
1342284
1037546
1147877
236639
259232
1282779
476534
1526866
1397668
1504140
1398067
1531178
1516209
1031601
342700
193476
1377941
1430351
134691
1306986
1442336
1440062
1059539
1393692
224294
255442
1360961
1176503
1063813
1379369
1582885
1318720
1364125
1379543
1336880
166075
1118849
1165001
154993
1011788
1156059
1308915
1177515
1196062
1543169
1077279
1231729
1544545
1535711
1409354
1279990
1278133
1355316
1274234
1309784
269928
455789
1387217
1295369
1351339
193792
1021611
264336
178646
1127616
1095315
1210802
33001
1306066
1097386
1198403
1307956
1459876
1319602
1454284
1139733
1054066
1593412
169919
1218980
1201036
1327964
24528
1365080
1481636
1040857
1017800
1305912
1101390
124173
1093829
266790
1267790
1004850
1341781
1226723
1157638
1480063
1354506
185442
1184556
1030681
1170985
1034162
1429207
319961
1507276
305746
1267298
1383354
148992
151857
1184675
1331419
1248494
1168305
1078469
15638
1368201
258993
120133
119004
1587348
1121009
190348
1509754
441586
149470
1064911
1074582
1188759
1545526
1360962
1279610
1384520
1553746
1283018
161087
1025443
1305119
1083783
132131
1117814
125307
1461218
1189399
1001776
1543298
188149
1290704
1089711
1176546
1346964
1178230
1327758
1342717
1532500
1332632
288199
1510999
1010948
1232656
112345
503347
10835
1039811
1106591
182865
1259361
1199090
167157
128432
1240486
1486027
1527733
176883
1273296
1523356
2464
102364
554570
1218553
251085
104894
1152942
308716
130383
1534370
1470795
1060858
13558
167099
281438
1297644
1355149
293046
1435822
1192054
1278873
109893
206935
102751
1574570
1129669
1527809
1116752
1016624
1391412
1260275
146821
1364255
1385749
1380520
1419087
1535676
1003819
1394269
156073
484847
1344064
1353783
1297438
1585612
1407930
1385389
1340400
1193048
1151425
1432269
1373222
204153
1262278
433445
161053
1171920
1256206
1014101
1491616
273531
500402
1528154
1041176
1228903
1291856
136287
1144376
184033
244896
24019
182895
1243088
1206370
105505
1352554
1561926
1441944
1411782
1011581
1563520
1069158
1173906
1544897
325158
1425797
1325735
1416159
1147419
1063915
1407292
1545525
1002640
1353049
1206070
1405856
1191453
1221879
247719
1541870
1315037
1256502
188964
248747
1023706
1510408
157583
1592561
1263273
293049
1154936
1505840
1312107
1261421
1498010
1458448
1102746
1081749
1568317
137046
1212759
1450838
335049
164397
268908
1362262
112176
1050789
1305841
1487019
1531451
1033587
1414457
1283587
1381904
1062349
262371
1415308
1247327
1199695
1365630
1271033
1152768
1074587
1336072
203544
1004366
1143862
1204778
1427894
1336596
1378447
244863
285753
1217727
1203235
1023269
1579572
212026
1065443
1539191
1154882
317883
1465355
390911
496688
36374
268815
150273
243111
131210
1177001
137017
1309845
21442
1250508
1011208
1299979
1327989
1449935
137742
1161485
1337604
1233555
1553912
1441376
351325
1497421
208406
182247
1037430
1112580
1361876
1126818
1006034
31674
1572927
342539
1499644
1330155
112562
1525658
478536
1451669
1053006
1312890
1210156
1552044
145667
1295351
1300361
1328192
430002
1397952
100824
1277360
195413
1129134
1060417
1505655
1582032
1213447
1481505
1417099
1398648
211000
1445428
149033
1384189
1064065
1404166
1168004
1462409
1025451
204515
178877
1266361
320156
1552796
1107524
1389300
1247485
1563997
192340
1289146
192595
1306935
137531
1131392
1015544
1130331
1268996
1134824
1397371
382410
1066598
272532
1241549
1145500
1547133
1375930
1320132
1083003
1520320
1200756
1463722
328508
1017089
126966
347625
119629
1466550
1409095
146706
1537089
1220247
1591965
1442259
343494
140323
1369858
257980
1189621
1254550
1015442
105074
396753
1063124
1157774
1008360
1212084
1010234
1091320
1097032
1478
1237654
166794
1442176
1044114
100936
1069746
628909
1432989
255567
1304535
1402669
1163911
295971
1543335
111113
1365596
1149532
178656
1139605
1353192
141708
442823
197179
241076
134690
1455700
1132690
1304385
1553084
13495
1017300
1469528
1245819
217394
1256415
1155315
1229636
1352886
1567579
1299543
1236793
1530213
1137494
1521773
1278859
1081312
1445619
1043502
1128783
1522011
1384640
1191770
1280017
26328
1350382
1258243
1321440
1241821
219079
1103681
1340963
262922
1377835
1089133
1574438
1121766
1506593
1233620
1220997
168287
11530
1211054
1385675
344997
1331414
1111936
1535732
1137907
1258869
1272483
1298888
1042874
1265880
219463
112965
1196902
200439
1582884
352982
137630
1228269
1325371
1140918
1116436
1498022
1145603
1049090
1353604
1262041
1309861
1581455
1262884
1025468
115707
1309205
1438826
120249
1237653
1098786
1392215
1136122
1509137
1417651
1205069
1028772
1071880
1272055
1071693
1349922
450886
1481092
1298554
101022
1072576
1249218
1132820
1289586
1221650
146607
1178322
1206500
1148744
1189482
1436966
179784
261301
1390698
301253
1124822
1075527
1503375
203234
1000688
1861
178932
377695
1041123
1101627
1198514
254454
214709
1473705
1131297
1340889
1402461
1499079
225303
163184
1427172
1168380
1240981
1016451
1168535
1153428
1209630
138131
1100643
1536939
1270513
14473
1190878
1269372
1003364
1436010
148080
1461357
1047354
1022073
140980
1304974
152633
1368047
18266
112667
380683
1225965
339433
1254
1255393
379560
275898
128431
1410514
1199834
11507
1161498
1482771
1134131
1301027
1570764
261763
1279327
1304379
150992
1380217
1285505
1343179
1285690
1467946
10834
1407934
174328
217487
1405562
1288989
1075764
1183913
289854
1535196
1123654
1196554
1175438
1158505
1330588
474839
111814
1175419
29600
1420538
1472585
207775
1307996
1472602
1418328
1238194
1234974
1470302
130679
1025643
1048505
218336
1378206
126006
1029858
1457118
1176313
1337991
1300091
420931
1571624
193712
1076047
1211852
1350894
1071553
1521848
1354785
1506351
435518
124867
154845
1480704
134969
1079445
187030
1569142
1480980
1478324
1563731
101427
1493661
1191423
1555033
1206523
1142689
243500
1153342
1010515
1239498
1556688
1247565
220113
1484542
36368
1366696
416322
1046836
322039
1577940
1290844
1570181
1489043
1390489
1364288
416
135236
1580225
277770
1103647
1167792
1406653
1022708
1293894
1428593
1551547
1507706
1120700
1037058
1296942
124122
1518087
1557743
1477308
1335200
14120
1182314
1027835
1068272
129072
1407929
1421305
1409759
1577090
102147
1579625
1490815
193403
1560034
1129598
246520
1187139
159062
1443406
1516704
1165705
232304
1342609
1098273
1370873
102290
272167
1551904
1082943
1294325
1461295
1047186
1364091
1001548
1292732
1237609
1182754
255106
186103
123778
1487283
110178
1331326
1567877
1424217
1583088
1246565
1489375
1592064
1317878
326140
435902
1289133
1249089
1104642
225461
1397439
105918
1307142
1058175
1051026
1042558
1181758
1252079
1575897
1508558
150692
1460897
340611
1456853
1275918
20474
1226504
1284781
1286259
1128655
304088
1344499
1366083
1452078
1297512
1234066
1394659
1297952
1018819
1336651
1015512
254332
1069080
1276679
1000980
1438285
1142116
1128668
1238557
1388832
1040248
1500895
1037024
265837
145770
1032122
1548385
131674
1362604
1212897
1335118
1393952
239528
1402731
1052942
1191994
1097894
1414213
1190310
1440681
1198484
1419669
1340172
1119744
1148519
1068969
1444822
1526390
1337449
1051787
1366533
1370965
1074567
1182703
1524783
246766
1019198
1562984
1051986
1358182
181924
163551
123883
116736
1067817
1422392
38574
1145118
1309656
1523347
1253226
157357
1506064
130314
258650
1587664
1539838
1169999
1105630
1237578
1088068
1157681
1576261
114678
223301
1402447
1020149
1290067
126696
1000333
216253
480945
1371763
288925
1065765
1062012
268612
180091
1526553
1091547
26360
370982
304150
1260135
132075
1251690
1010287
18268
1363181
18886
1384956
104119
1296098
159534
108555
1264232
1431488
1089068
1136405
330082
252946
167739
1475810
186389
35225
1458583
1012719
1301935
1129445
1568533
1521112
1535099
1419545
137627
195054
1549233
18504
1301421
1557088
1247456
1034300
1031425
272890
1584009
1218537
306187
1089197
1502306
1085928
1058474
1066937
1546972
1194094
182375
1434077
126150
1536332
1090859
15530
1542594
1364306
1531285
1056372
1545576
1462392
1250322
1388500
1383749
1360091
120620
134291
1018333
1328796
1390351
1041412
1469785
1312222
1192366
1216429
1560771
137957
198257
1325101
1510187
1292631
135251
1534744
1222652
1575090
146220
1407936
1274848
1312708
1215268
1398081
263024
1422824
1174115
1317397
1284071
187946
1382943
1420774
1051024
172575
1100593
277125
184842
1054729
1510058
1126990
1259255
1394567
1399828
1229204
1008701
1419471
1289886
1050091
1556694
1217761
323788
1362730
133114
150443
1301449
159135
1510416
137422
1340479
1233247
1519798
1417736
1465015
263434
108779
1101874
1332762
1225313
219532
1529777
1524041
1337279
1007842
413921
1410516
1100681
103061
1480979
1166119
333135
1260560
1575275
118570
1105220
1377507
189789
1413552
1551452
1125293
1062867
1008931
1263584
1378143
160454
147666
1501410
1051491
1511055
1038454
1111011
1473479
1243718
1529235
1569769
1569127
1427107
117716
170347
1405661
1506156
219569
1341245
166441
125143
1228900
160081
1193580
1024913
1564388
1324358
146917
458182
1546112
1481085
190309
1261212
1564805
18418
1215823
1442400
1266382
1569164
1199851
308893
222118
1284100
1148112
1384884
1216705
107305
1017736
1316557
235806
1245785
1308365
1076976
176810
22333
1239490
1449078
235488
116115
1215523
198567
1551596
1383248
1410291
1261786
1040268
1410990
1078829
1071337
316523
1143702
1289838
1296092
1519961
274750
143761
1454924
1355526
1448686
1420432
258989
1430388
1258472
1413385
1308749
1087170
1183060
1046699
187743
1297202
1010589
1178167
1354888
1417754
1153356
1102912
1370777
15414
1343315
1365910
1268557
1106302
1321961
1274426
1406375
1250344
115246
1214644
1462228
1071108
142248
366295
1549252
1071626
1563809
1019314
1193004
186499
1062795
1427285
1415920
113550
117034
248597
1476445
1428091
1243258
1098752
1492463
1085971
1468707
1401231
1431561
1214925
1482696
1396862
1222264
1206988
1512940
115541
1019462
1449662
104163
177873
1322687
377799
1387963
231559
1107618
1122888
1233974
1130287
1020774
182348
1149401
133031
1113433
437156
1337312
1520551
22945
1128911
162008
1076298
25904
1460625
352691
1071801
13824
26584
1442649
1064215
1088640
1548038
1336296
1589139
1592393
1384165
233236
1370761
1152134
145935
1281725
1227607
1519647
134566
1316793
1335945
306002
1424138
120738
1094973
1194979
1194176
1246784
153362
1341523
1222955
1040720
1339680
1040391
160739
1532144
1367518
1457747
100485
1384073
1407291
123108
1099099
1328230
1420228
1161472
1586171
133285
1027933
423248
1508691
1486031
112604
1405805
1025173
1399928
273548
168523
256410
1221760
1050302
156536
1405656
1498521
1536007
1457001
1408941
1492287
1460332
1061581
1185439
1501544
1235763
1179828
1409480
1108177
1386572
1304534
127771
1161494
1504304
1163330
1406729
187599
157149
1348715
1438387
1503094
205070
1384135
1417456
1091026
1151748
1107047
183524
1013027
1444551
1583286
1272410
1321554
1058901
1169766
1572990
187505
1077182
1477044
1375094
1384737
1220235
1013723
1091128
1237234
1284993
1214689
216736
251001
1406617
1587463
1073152
1383050
1477472
1139501
1047868
1293523
169570
1084327
148805
1473338
159891
1145647
1535374
1259824
1522496
1058918
419024
1529542
1459493
1492996
196684
1098650
1436528
1560240
273254
267953
1084222
1246553
1166118
1169751
1334390
1581820
26787
1168165
1482479
1025369
118801
1467264
1291995
307480
1131118
1184673
1104950
36967
1280973
1276092
200740
1182584
1270726
1023157
12390
28262
1562116
1063745
1006830
248470
1003644
413479
133522
1051690
1147230
1365892
104250
1488844
143416
1492172
1577061
1436392
1528695
194193
1109491
1169980
1309368
1518821
1271970
124005
1072203
1403062
1077495
1178458
1545627
1050016
1411685
1217860
136056
1469133
1396716
221599
1576658
294647
329974
1254941
1364809
1247331
148399
1275690
1364966
1133844
1518400
1486407
1072351
1383752
156015
1452923
1181798
1438385
1280969
1028163
109626
445701
165217
289829
1053848
269065
1471782
1361972
1081308
149336
1187334
190415
202456
180677
1373444
215210
1057338
1017594
218139
135259
1009396
1128715
1178561
26915
17253
1382567
1234630
1481368
1545461
1507642
1046292
1324247
1534159
1294733
1276142
144851
1474984
1368403
109730
1381995
1046835
1438431
1302974
345871
1031110
1201238
279515
1451900
1368317
326788
1196837
1161202
1345484
135434
1286590
1180289
109748
1472613
230757
1448187
1282722
260390
1437587
182915
1520839
1170980
1571525
206079
135211
163411
1196159
179082
1170201
1101044
1028715
1467923
1024588
101722
1359487
1505977
1234504
260376
1447300
1012905
237849
1007864
1286073
1160380
1031857
1327278
13677
190297
374664
1270656
144388
1119854
1514435
101852
181563
146819
1174005
129164
260728
1499445
1192073
1539234
1333276
1237377
1265580
1559420
1401343
186750
1522273
1301075
1164380
1473212
1104538
1564958
1578091
1556687
1198996
1043330
1037070
1486545
179161
1222389
1198275
1541559
1079687
1489446
1304223
1589527
1332205
1050948
1097687
267849
1390903
1418612
1020090
1458450
1317979
232294
288081
111717
1166305
530851
1235625
1585511
240323
1538259
1168007
1517873
180647
1177804
1187901
1200652
1577069
217441
1545405
1144914
1040812
1441805
1257899
1104792
1276846
1194130
1215694
1456965
1276341
1237313
1576989
1352661
1569486
13485
1151498
1015379
1347429
1196340
120248
1272347
1423416
17496
1090537
1521932
1386973
1580947
163783
1446601
1426256
1491163
1516653
277067
1015453
1250736
1133742
326668
144298
1279822
168595
1251250
1264208
101738
1001484
230291
132128
1378490
334346
1184185
112281
184270
1131886
1394416
1130575
1109016
1571055
1052954
1443395
158325
1383624
1081802
1244082
160345
346113
1202253
1388395
1182230
1352331
1098454
1368136
1392645
1506550
299911
1525430
1578864
19166
1067273
1388877
1167417
1473836
336241
223650
133779
1009720
126183
1246367
1257918
1161902
258712
1002203
1395938
1441885
143308
1359294
1118375
1053700
45583
1345632
1090866
1062547
1506878
137629
1458124
1276393
1035
1550517
1478629
1550657
1467519
1423510
1575111
1417474
1590897
1243267
236075
1352989
1320828
243565
1363602
1319266
1060880
1454125
1023705
1268352
1099333
1256860
1006573
1270852
1316754
1251504
1012178
1379121
22359
1187656
338562
1122628
1233682
1435017
1165773
100867
1084743
1275612
1376410
115227
1549921
1486828
1560222
1156442
206279
1435243
1528342
1168321
1450814
1416527
1565364
1301283
135664
1524508
1208230
1074798
1230518
1066340
1258066
1216351
1334236
1193148
1241247
1357333
225536
315295
248530
1414654
1193838
1238193
1245451
1013195
1199366
1364118
1381863
1151671
501426
1123661
1584073
1280316
15728
1244286
1350832
1482780
1100853
1264851
10313
1489992
1135277
1240895
1181757
1342652
1321913
112964
1275305
1370781
228841
1295494
1586389
105600
1028578
150766
1355688
250511
31530
238710
328087
1545600
1202264
1198762
1450705
215688
1310759
1424616
1035875
1510759
1581933
1355841
1537975
1259895
1104337
20546
181039
1226889
1059113
24517
1004861
1001999
1304973
154219
1498045
1578069
1277329
34462
1249917
1098241
1181164
1054212
1050514
1342861
1028947
273027
1399540
1147013
1565787
1493222
282012
1397421
1162618
125660
1276810
1346245
1420473
1228507
220433
1302460
1098141
1543782
1138021
165236
1164413
1067308
1145053
1034157
1209038
1334672
1497176
1065275
1391938
1317497
1370999
387591
1541355
1310826
300121
1440219
1488190
1054847
1581923
1316738
1008560
1149520
1209505
358156
183924
1155367
1111094
1308076
1272515
229058
253613
198122
109627
600642
20534
301150
1300338
253763
1215869
1152817
1245817
162918
1503922
216172
1266395
1161612
1383284
1148239
20912
1285924
1441423
1498257
111850
1251893
217789
257050
136155
1181328
1550675
1002197
1083366
119592
1378098
1389087
1468322
1590561
1201181
1456033
317762
1297951
252327
1021616
295081
1231058
1432481
1301621
1580941
1172664
1124821
1415941
1486326
1355300
1043682
1394450
185211
1367350
1104557
237759
1389791
1051175
1540222
1319384
1090781
1572924
1017110
1461269
1285362
1340238
1478049
1441687
119287
1580061
1530182
1456012
143522
338603
1589591
154275
1262049
1319306
232870
1339784
1373393
1060166
1343027
1442927
1165948
1137465
1405489
150822
1208572
1088220
1217906
1053164
1108121
1343309
1435065
1478757
1367977
1164445
1349440
1157126
1131628
1366594
36962
1568259
1356647
178132
253215
107060
1197921
176963
1280792
1567050
1215401
1274720
120771
1310654
1385099
1256213
275230
132981
1303354
1115840
1406074
1566403
444394
326177
1502562
141881
286463
517031
1477603
267666
1053351
1335618
1098890
1158477
1381996
1455699
1166027
220048
196754
1013675
154801
1372511
1130217
1050971
1113060
1358870
385900
166853
1042322
1266336
1545615
1175221
1466612
1048677
1302091
1062472
1232481
226665
250750
139393
1163766
1339329
1075300
1266623
1414302
1560345
1064301
1395782
1216721
283991
1041755
1263775
1282650
1056398
219449
1218137
1083248
1227109
1540930
23464
297439
296600
1097699
1228255
296330
1401431
1369540
345285
1369263
105556
1509232
228542
248879
1177044
1401654
1470882
1325470
1104509
471592
122790
1091057
1260240
1512287
1377447
194979
1188808
1212620
1430243
1054271
1380719
1494422
1053907
1474003
17827
111079
1335533
1380658
341408
1484672
1354957
1088073
1197573
18187
1485771
1318313
1456818
1352254
1242906
1357019
1333185
1433468
1385674
1428956
1196197
1370359
144697
293564
1280747
1370946
116132
1259763
1411813
1218613
1544989
1480358
123703
1066515
177642
1569746
1411116
1483303
231847
1565582
1359768
380131
1394550
168451
1410558
132816
284179
1384603
1143411
1508376
124676
1180186
1424273
329130
1363358
1224217
1523081
1228441
1542355
1410427
1238465
1179076
121088
245155
1104742
325509
1591163
1502838
182538
1005002
25038
1259002
1271289
240463
1412958
157230
1121283
155994
1427817
1317690
1409582
1542731
238817
1512618
228825
1000598
155458
1385228
1401084
337726
1307256
1258705
102182
1388281
1384294
579894
1164418
1230556
1443665
1381861
1104234
1297860
1326909
1292178
1466541
1538396
1147499
1551813
1295691
1022464
1131256
297105
1347206
176344
1498659
166520
205310
1021755
1138
1057492
1385247
1369709
1350527
1305536
1304146
1534981
1332776
1245007
1247886
238848
1138784
128396
195375
1082298
1356384
1093024
1322917
120850
1533598
1529736
1579742
1443067
1376894
1526389
1134601
308426
1081921
1272874
1225601
158249
164492
1467691
1010271
1206276
1513732
1214678
118440
104779
1058014
1029777
1286652
1041312
1205098
1090725
1540647
1507805
1585001
1267132
1503263
1272933
1315655
1292786
1453852
1584513
1423400
1285326
230712
1116700
1462238
1076587
1477945
1092475
1472756
1393071
1412525
1306479
203647
1571051
1001428
1342032
1352419
1193801
1058732
148609
1041418
1488918
1292663
1049112
1394656
1276352
1584155
1130402
292253
1004508
1567058
1519773
181842
474016
1283220
1360410
308392
138536
138885
1090098
1334651
111724
101820
1549458
1341409
1217003
172142
484852
1072093
1383082
1339482
1549596
1127883
111512
1299302
195029
1322995
1353463
1302455
1465308
1199016
1096791
1349398
1148603
1198104
1317185
229896
1325891
225862
1147728
166125
1016621
1543287
1157206
1273645
2031
1368452
1208239
1026403
1157732
1454455
205517
1086328
1040732
1043328
1241097
1000430
174614
1049204
1495194
1404567
198725
119070
203725
118533
131770
106115
1371567
1536710
230822
1060524
1100629
273
1543876
1543621
1553571
1333545
1133532
318122
1425685
1081211
1061407
1152622
26911
1351104
1324472
1572866
1185959
1569520
1552925
1245814
1519350
103074
1198960
1501631
113165
319235
1506813
1502197
1332813
1312048
1485443
1219533
1316307
1183887
397120
1487543
1128912
1420842
152336
1480873
10829
1234827
287277
1020573
1299255
261237
1079032
280727
12818
140810
218775
120423
1525673
1366740
220761
1511567
1422656
1102828
1202787
1563788
1256816
1119676
1441938
1548449
1323296
1411645
1311277
1349097
171713
1025052
1413054
1364245
109608
1039520
1403556
1020193
1307127
1040318
391542
1287191
1583502
1533196
1012691
1192280
284405
1288823
1086530
1037469
1266953
242566
1394900
153537
1428635
1217098
1131622
1105230
1155314
115158
1497316
1173766
1489182
1329997
1335715
1320884
1188700
139676
198093
1285537
292446
1508747
1349367
1185052
557028
148638
1469461
1043770
1196926
1378940
1461575
367691
1429829
1455271
577828
1471137
356457
163177
237966
1261242
1118204
204596
1418122
1004477
1517971
1393809
147836
1473480
1326722
1406694
1310655
18413
1081636
1107830
1174786
293181
118571
1360250
1277103
133271
1441009
1544917
1482872
1255109
1562553
1001164
202415
483511
241994
1024774
1534150
1554429
1157987
1295738
397359
165873
1034105
1454172
1426241
1564214
1190832
1040373
170984
1143932
14421
1338574
1504732
1188337
1034547
39830
1105332
1537297
1049650
213677
1526963
1049386
182349
1559836
1550876
1194131
1453164
1375113
1384509
1513023
335228
1059007
228629
358748
1337932
1055067
1331065
1449889
1196160
1007554
1383907
1359381
1424818
1485723
1248120
1063174
1210205
1189044
1432859
1068970
1532205
1216706
1105576
1213112
1296258
1241917
1455424
1073985
1369195
1511350
118009
14995
157192
1564109
1450431
1565494
144339
1501699
1587665
1210911
1435844
277621
1417227
1476278
1269560
222100
1268207
101308
1441828
239380
1039747
1358695
286765
1053598
223600
1319676
261590
1122156
1311879
1082249
1508683
194202
1314605
1554945
1256559
1063341
248822
1462091
1127551
232297
1055544
107655
26231
180344
1005373
1150328
104433
1412814
1392859
1126264
1097011
170531
215860
381497
20127
187411
147000
204586
26369
14195
1456320
1148570
196698
1298276
1171552
1583154
1457874
1327800
1048816
1039715
1173635
1465094
1030320
1140189
1242309
1304384
101869
141015
1571611
114102
1588759
1255359
26188
1069590
1101204
1343835
274552
1565583
199604
45728
282813
1094351
1184243
123600
1383700
1344990
1318314
1305728
1325116
1234375
1588357
1202100
1132457
1364119
1302092
592411
1082364
226620
302615
226641
12602
143131
1396302
115292
1123341
159136
1227196
1385855
394766
1379746
1029083
1258084
1005536
1128903
1399150
14702
1327493
1207019
1215732
1107048
1001472
180302
196304
1267381
470231
229512
1414118
1442618
1312161
1380023
125273
1532046
1548938
1268452
1131119
126467
1215358
1053145
1361882
114183
1565884
1186200
1217160
129984
1455946
1004520
1157582
146820
303075
1510666
1546669
1311760
1026190
155013
1533372
284946
1221462
1295963
326885
1571941
215790
169793
1046197
1537925
1391743
119765
1516567
1403367
1394943
1529636
1482284
1016680
1592113
121458
1244261
250016
1514025
1430265
1123207
1170794
1336911
1004922
1171593
1302740
212974
1231060
183977
1565014
1178427
1259329
1185522
180135
1003743
1250188
1517754
1344612
1234408
1183804
195795
182458
1109348
1068650
212929
1486399
1577541
22105
1470289
1073791
1564496
1152686
1070824
1371286
1192327
138664
1359977
1055171
1158262
1303104
164954
1121401
1211343
1500588
1024160
190334
1050537
1038909
1394719
127083
136216
1270601
166611
1442928
1001775
146614
169571
1237794
1147362
1205258
1019113
1511024
1212357
1527426
264096
22963
1091787
1250583
1162512
1042345
307283
19892
1474274
1404906
1087839
1526282
1328884
1017777
1384957
1325949
489334
1136815
142233
1127895
201517
1473493
1475838
1363701
438117
425928
1224308
1348933
1544285
1162816
1375931
1067705
159197
240139
243009
1035502
1401500
1441286
198792
231703
451849
1036503
1124444
1425798
1041043
366283
1384537
1452509
1268461
1584877
622663
1161486
1082736
1488920
14422
1168562
1217574
1488676
207090
1412169
166580
1096153
135152
1214978
1157818
1303669
124294
1280
1010411
136478
1119769
1400670
302026
1186495
1014587
1196223
1002576
361854
1063963
1169632
1428868
128048
1445648
1050624
107129
273883
1353361
1579391
1283640
266307
276055
1536928
1329793
1360926
1014859
29498
1135196
1013367
1362399
1217533
1508888
1173984
187586
1199402
411039
1529645
1291982
1424331
15589
16151
1149070
1273584
1245042
1232128
1529444
129774
1453133
11706
1207824
1252540
23821
527753
1320163
220921
1219638
200751
1161613
1556437
287284
1306592
1491472
32935
144373
1041544
228468
133687
1218461
113577
1436569
140769
1216017
1055717
1316716
1100865
1481093
415329
1311811
1287877
174065
1109626
1261279
1296403
1536002
143185
333617
1522276
282666
1464750
1455919
193271
1179170
1174283
1203080
109894
1308694
1003715
144686
1478991
1212840
1127373
35654
425429
1381079
334217
411422
1424617
1343690
1250558
1059666
1223538
1033082
1363763
1588697
1070423
1021530
1111682
282210
1277755
161453
319242
1497365
1439273
30768
1043898
132162
1245980
1066078
272429
1376861
115845
1149356
1039648
1420250
1348930
1509429
1011159
1259531
1096142
135738
1075634
1180329
113236
288152
1048948
1482685
128408
1007337
1118922
1019746
1202750
1380911
1248368
1080450
1347028
1167784
1113372
1398301
1260717
1299544
1306067
1201067
205383
365103
1232104
1464174
1409660
334367
1361963
1134432
1033515
100268
1558310
1320726
1212438
122422
111855
170058
1425927
371299
1298520
1577839
1369136
1154759
1420607
1359492
1269478
1326012
101551
1181024
1042659
1311738
209274
251086
1206733
1085716
229815
180408
278083
1376050
1178891
1253663
1361976
3996
473053
1377100
117110
1361294
344809
1583838
1081162
1561838
1353204
1581863
1237795
1421824
1020802
1517513
360053
1403866
1117700
20498
1527441
1234195
1482380
1430099
1533496
1298787
1201975
1061576
1346863
1299751
1513748
293966
1012489
1428804
431181
1007339
1277667
1224307
1437997
1223508
1425531
224295
1392852
1394043
249029
1134638
1324549
242198
479823
354929
1511877
1381534
372243
1076092
1313046
1343500
1447283
52617
33111
1464282
215279
1122223
1390396
139334
119802
1591347
1403516
1466105
166417
1522904
1155073
1163984
415580
1303191
1414989
336247
472409
1502315
1535952
1396110
1013804
1170237
1362622
228637
1159103
1111228
1113104
1048402
1244164
1143695
1280650
1329439
1310601
1180486
1219725
1529673
1405623
167162
1199218
1056279
1401006
467433
36329
1326673
276429
1526324
1072186
1332323
272109
1160831
1402610
1502345
379600
1013378
1140726
1112097
207000
1381331
1334538
1369052
1353029
126045
1583356
35715
17000
270014
1475099
163486
1237055
191280
1520906
389089
1510607
1052677
204628
151645
1141010
1529156
1131077
1011708
189662
1036154
291306
1199207
1038617
1155388
1204516
1367876
1278379
1243192
1215298
114068
445216
1460836
1300437
1114076
1140499
1100706
1070093
1152416
1377120
1432538
1516824
1522726
1538223
1106786
1325137
1463503
1381337
1336939
1357973
1511000
1043558
1248179
1405715
1192455
1416370
1118567
355696
1218434
1357498
176160
1090800
1247478
1565200
1457750
1329707
1290114
1422075
324505
1285354
126575
1520999
1195852
1312460
1267847
1152523
248041
1331156
1343190
1365798
1256712
1156229
1226458
722164
227656
26518
1028185
1390184
1031820
1184321
347669
1481117
1463733
119868
1277050
1363193
10836
437435
1020789
1217996
1540233
1050683
411274
1461929
1111317
257753
1212903
332403
1192863
1175572
1126427
141466
118434
1118720
1332807
1276526
1277157
1352736
1387168
393436
1417636
1290375
1588224
126251
1494040
1191752
128377
1381419
226658
1241279
10191
150298
1228391
1048294
205264
1062410
1456665
1317501
1409801
209304
1476279
1313922
1065681
1243898
11823
154449
1479285
1037317
1396493
1351745
1040764
1531711
1439124
1295384
1160925
1287919
1236512
222377
1024547
1413424
1558324
184259
1253227
1371507
257213
1340143
254989
1443105
224188
1449021
1523430
1329247
136265
1586938
292372
1179849
1513163
1374250
1458737
119916
198827
314086
1499212
1273389
1198799
1358972
1022344
1043254
472800
1098495
1310364
1255955
1492842
1256875
228322
1084355
178588
1269789
1571755
216098
1098767
1036992
1008446
