1181180
1117264
1523911
1564506
1043562
1335897
1093623
1190410
1156256
206220
170449
1466321
1366579
1152363
1361038
1493733
1173020
1103589
1268347
145216
1163909
1214303
1201850
1228211
361191
1461423
131978
1304705
1105489
177363
1400656
1123408
1117035
1217390
1553934
1086333
1144399
313663
1532028
1540631
1161447
106327
129348
1383183
1390815
1242104
1500690
1143554
1052402
1499429
209447
1490207
1347481
1070494
1238529
1547685
1514827
1507558
1000053
211230
1173021
1580024
1091473
1439042
168581
1232526
1222521
1178847
1099327
1191680
1169229
1107381
1192745
126592
197183
1249951
1123818
1314846
1190714
1317317
1499756
1339742
1360192
1100928
352942
1084936
1017549
1190200
1487731
1518234
159072
1205816
1425833
1400328
1277392
1528819
1037900
1565851
1374703
169825
1173688
1565174
1509759
1263942
381139
1377870
1100625
1182414
262599
1141197
1421752
1495285
1534292
183538
1552119
1406555
339725
1454194
264284
155246
160496
1143555
138115
1277272
220086
1160032
251202
1394292
1521791
1403498
1189906
1286225
1135072
1506484
1560069
1091834
1202990
1059871
1061817
1354860
1400655
1542483
1128066
1453397
1152218
1410730
1541291
1185066
1313363
255295
142221
1372647
1064886
1437318
1029548
1502573
138116
1167382
101883
1350857
1064425
1453398
141383
1531688
1467026
1005141
309500
1051238
1548149
1488067
1142261
1511784
1093624
1514596
1233536
1402003
1414338
228731
1553933
1004642
235405
1339342
171619
1217391
1511173
216434
1154518
1329542
1408641
1480385
1147452
1395046
1083946
1082503
1360375
1502697
1560068
1573948
1148945
1107277
1549614
269274
1473664
1036036
1500967
1121493
295743
1031179
1151448
1284478
1341531
1167986
1432180
1020931
193609
1353079
1316360
1335898
1160919
1153917
1077197
101692
580980
1122581
1171492
1161698
1209402
1454922
1476182
1011583
1060662
1033292
182485
1279079
237853
1344088
1570106
1313419
1268348
1107377
1269759
1058044
1274015
1511815
1164310
1290383
293874
50364
130301
1572955
1173687
123310
1187162
1155158
1237328
1059870
1052368
1280754
1142447
177364
575501
1036798
1556239
1360570
1334918
1018637
1194708
1136708
355226
1205985
1570105
113474
150266
1543621
1083945
1427051
1450107
1480389
1072761
272993
1462292
1511783
1454112
123309
1192690
1256770
1012223
1097193
284131
1126438
1454113
452702
1169990
366114
170664
1458217
1112251
358443
1323738
1476925
130302
169616
1144398
1071397
1088375
1283998
1502770
1164632
1333265
1253111
1322778
1400329
133074
1543875
1569695
373772
1483915
386849
1466787
1203600
1321975
1145347
1360376
1398975
1334917
1543876
1552460
220913
1393423
169617
1502769
1418920
1365373
1066486
235681
1214623
1548599
1007291
1110496
1448069
157692
1480353
1209403
1418434
1228802
359417
105974
1567498
1393424
1313933
1137203
1263954
1000868
1461595
1581498
1496912
133073
1442081
1182480
1517436
234260
11057
298625
202338
1556553
1187912
1500968
221544
1376308
1072383
1414233
302139
393704
1043630
1547424
161079
1483567
1234998
1380335
1323392
1552545
1053888
124568
1030414
1521160
331956
1179550
1102705
1072763
1006648
1183432
1447628
502990
346687
1341532
1400121
1269754
1335446
1364846
1171830
1028915
1414953
1137202
1255001
1564276
1388427
251828
1299264
141382
1245997
235682
1470767
175626
1010955
113132
374143
1280740
1130861
1182479
1462207
1557802
156250
1256688
139625
391295
1480384
1521161
1432817
1376352
1502696
232434
1123034
1203036
1121727
1442408
1171759
1407736
191960
1004743
1524066
1539208
1394073
1274016
125527
1188020
1117539
1442277
156749
1443804
1502993
138311
1528585
1579504
403440
14384
1126439
297060
1343074
1526166
1077740
1407737
1287233
1015056
166851
1410307
1277273
454745
1271674
1015057
1020932
1456743
1145348
1293781
1377686
1587917
1162674
1539209
245909
1502125
424399
1137109
1522742
195991
251762
1502548
279830
238784
1113817
1161387
3215
1302636
141887
35782
1010675
1584694
1419984
1583017
1008007
156891
1184574
1423510
1253223
1433889
1585347
1288333
1085416
1196527
253441
1175429
122698
1446491
1469435
1495067
1012029
1309740
1499430
183205
1143815
1196528
1480388
156457
1359498
1302136
1469837
1524791
1077741
1468836
1267291
1411091
1498168
1391975
1100629
1470687
273
238359
1216027
337457
1076811
1382216
280366
232526
108834
1568890
177362
1487781
1185299
279019
1329211
1134610
1179814
1147741
101668
1136245
1159169
198171
1069386
1493236
1426276
1270242
1475278
1208150
1407909
1157484
1307685
1134611
1585348
176215
1293155
1442674
206660
1582591
1178765
1134393
150609
1260480
1517738
1211959
1503631
1424483
333710
1493989
1470479
1228749
1160851
1185625
1414622
1520216
1475277
1188209
147731
1400630
1468669
1481106
1013516
1098006
144078
1059433
1120850
1028436
1045240
1114024
1365031
1552544
1290805
1005815
225467
31173
1127744
1188846
1144907
1220805
309179
313719
513923
1270992
1334484
128281
1022078
1162326
1470259
1256832
1104311
1366955
1161898
318549
169010
1185100
1142454
1211427
1081454
1126944
1531224
165773
1420502
1190243
1450828
1502357
1046134
1266876
1107382
380746
40044
1408399
1368446
1033316
1242637
1091374
1044845
1062178
1353243
1420609
1235988
1112897
1418212
238376
1345783
409737
1088894
1094236
240057
1548401
1025649
1406306
1114089
1127741
1526181
1384743
1311869
1007238
1359740
1380693
1050809
1192004
192963
193610
405281
1054016
1525715
1114717
1307456
104900
1494364
1009401
1158279
1405048
1384065
1505684
150903
1461010
1560689
1279576
1503630
1203511
1348625
1194779
1088767
1137922
1427436
1397680
1140451
1002450
1518235
1158925
1227819
1123245
23224
1140999
274133
1400001
50363
1314914
150608
1432919
1213979
1274387
1489946
1503814
1390760
19885
171521
1486098
1235989
1273540
1520969
1488973
232991
213181
1568203
169809
1422843
1186008
1091234
1259814
1028096
1493403
1234038
1031481
1500580
1592774
1211767
312118
1188393
184487
1316484
1517717
1519991
1042411
1545063
166155
1374814
296585
1168890
1268604
361982
1346775
128606
1547344
1464003
1306290
1245524
1143108
1182415
1457906
324816
258233
1010073
1090678
233788
1134922
1350307
1166682
146764
1393582
280915
1458261
1409285
1406309
1510490
166726
1468670
1102978
275487
1185318
1017900
1590801
1314634
1001218
102270
1329154
1468886
1304941
206726
1549199
1325314
1046215
1520968
1328178
1250299
1338477
1007489
1052549
1113451
138135
1532834
1294298
1454616
1540791
471837
1234274
1529846
1009935
1418695
1493831
1403443
1177140
1117222
1547068
1297549
206698
1418476
1231626
123228
1390196
1060524
1264273
1298997
1176083
1130616
1137919
1512721
1277757
1069429
1135764
1216847
1515955
1175068
261450
150519
1036682
230703
362290
1105136
1087146
1114088
1007237
1021866
1416117
273748
1341315
1381660
1469277
1403499
1114025
163762
1097908
264976
1480325
1581792
126548
299520
1448021
1286936
1270290
1204817
1567064
1228674
1169368
12109
126730
1418477
1035233
202916
1278011
1538274
1514159
1250298
1220435
1073946
1080276
238073
1240650
1311486
236630
1089402
1342113
1403994
1235700
1401287
1557080
1383125
1540677
1269945
1049866
1046330
135931
1545791
1580388
269778
1171866
1094933
1204157
210854
1367760
1235987
1401040
1435122
1128160
122758
1427335
1470858
1543005
1502312
1200450
237932
1532912
1374780
1356251
1311920
103091
1301389
1237645
1183907
1276080
1309135
1466374
1524468
1137317
325714
1111078
1438638
1188267
1507178
1168041
1580332
20021
1085059
1515814
1449306
167190
1354219
1415815
289519
1483911
1468341
1419531
1553000
1536213
1349194
1200170
1337922
1492516
1587153
103203
1314984
1016511
1360750
1097907
17742
1341961
112717
135669
1377702
1094606
1439658
1403124
1101980
1103882
1232527
289962
1132409
2410
1088097
1355038
1383062
1158525
1537895
1513046
1113452
1349227
1420110
213911
1079423
1285256
1228649
1358648
1420109
1137920
1345943
198637
1467091
208854
1131836
237763
1276147
1316488
443639
1336723
1356304
179640
1418377
113988
1494865
1365740
382142
1560993
1164593
13262
1390094
1268670
1089404
1155049
1085945
1276178
1060525
1559757
206659
148814
106082
1267800
1063283
1429399
1480156
1554929
291397
1065828
1072384
1516938
1046533
1314398
1424888
1550203
412838
1052166
1229256
212834
1193596
1017461
1428220
1395261
197552
1502916
1134678
1304076
122697
1132822
1412590
1159115
278324
231955
169011
1429304
1137504
1191889
1043165
183888
1549666
1284180
1123407
1202755
1096189
1528573
1440848
1162766
1005494
1130800
1363997
1495039
1487685
1351528
165301
1505360
1179272
274103
394048
118607
1451145
1391853
1112018
177433
127161
1214087
1171950
1220256
149565
1234842
1124578
1168523
102709
1564655
1565774
1317029
1582443
1389395
1340040
157001
1020081
1269346
1313286
1152476
1208947
1103557
221220
136335
139837
1005297
1556658
1320975
1574504
161126
1270229
1528523
1103519
1130439
1138805
218089
1523268
1094177
1100630
1289200
222801
1196377
178751
453643
274845
1467417
166031
1037901
1110354
1299278
104657
1190044
142766
193191
1150035
1366978
1003215
1194908
181701
371663
1433286
181234
1470143
1585637
1177629
226377
12919
1142784
360260
1269044
215176
1495442
73013
1174746
1464046
1367927
1278185
1450162
1030684
1370400
1509792
183964
1178681
1514110
274872
1240649
1510161
1457680
40227
1398946
194619
1552667
1505946
1004177
1276146
1150064
25030
320047
1498408
275011
1017358
1184758
109245
1096074
1396642
1234257
1217437
1133326
1512331
1176038
418156
1586378
1160933
227144
1217930
1089524
1158280
1298144
1240591
133785
344360
1004744
203725
191673
1536139
1031552
1334832
143842
293599
1061676
1017359
183907
1402004
368103
141324
1081830
1017217
1382883
119070
1339484
198725
1347598
1278062
1380963
1507016
1245046
1212744
256176
1005495
1095198
1125775
241038
1555330
1299741
196328
1258411
1004316
1071251
1564267
1287783
1104568
17234
1228515
1200505
274871
225589
1506270
1212178
235967
1415814
164886
1023542
1217929
1533220
1203051
1173804
275349
378159
180521
1584801
396779
1427235
1403058
1552546
1004904
29693
1366906
133075
1425143
1592986
1250093
1254697
1106474
1243078
1256240
1054214
1135052
1137921
215175
1537712
117299
498344
1449714
1124281
1348624
165405
1452703
1077460
1054674
1103881
385213
1258984
1437302
1527986
1481024
1053698
1327392
279593
1336746
1263433
1131270
1382882
1232185
1171867
1584396
1570293
115460
1107099
1356673
1366264
217177
1196193
1023588
1572287
1340810
1257034
213362
214938
122291
219410
1467092
1089729
1462884
149293
1561273
1386139
105842
1297391
1069836
1564168
171281
112822
1301039
21933
135248
1474939
119069
241483
1029797
1349374
1500367
1333572
211586
1324430
1386899
1031714
1101709
1363002
1103075
1045505
1405482
186777
1301967
187341
1270230
1107567
1057285
1030398
1592494
1420160
1424245
143464
1428632
214380
463901
1528987
1030745
21715
1103788
1199355
1227525
1529218
1123557
1030279
184298
1201287
1201977
1175095
278864
1365660
1089401
1008903
1171077
1194172
1547651
249675
1492140
1004131
148455
1072762
1445179
1434449
1069124
144450
1290085
1372959
517483
1048922
1407072
1160655
165663
1414234
173764
204414
156025
1078694
1531049
1329529
176298
1156014
1504660
141385
1320724
187493
1506945
1022527
1041071
280439
1561946
1055211
115461
1158800
1420731
1390814
549816
1353742
1085417
1332059
1540460
1585214
439237
1358975
1219785
1444574
1331999
27235
171282
1394166
524868
1090206
1016622
1573769
1542340
1204874
1110481
1359930
1331998
1173060
1094255
21866
178750
103446
1581163
1318331
1472186
1579810
1469470
215557
1180695
1510318
1331729
1534391
1555848
1076165
258978
1380441
1227699
1063572
1507070
394336
180822
1053780
1274743
1526469
1487520
1190515
1117107
1099857
1495934
1143258
1348155
1544753
1262851
1045790
275488
1361273
1167985
1437127
1194539
287874
156026
1403996
126690
127995
1006020
1159722
1408382
1160015
1529845
1529392
1036571
1363633
375091
1169699
125025
1250711
1193274
1363634
1250937
1219426
1300496
1245755
441025
297311
1039383
1369004
1226951
19196
1266133
1097485
1063089
1202756
121144
168684
1083278
1559144
1343459
1483916
1567821
1500239
1152438
566015
1581840
1126829
1293336
1091873
1152362
1327530
125526
1035089
1182995
153910
1171951
148813
1339464
1520814
135209
1038148
1090531
1038049
1171078
204139
1386777
1096421
190089
1490165
1073945
236
133242
1494115
1433026
285293
1591046
302825
1226647
1239193
382654
248980
1509871
1135073
1187930
19886
1254459
1045789
351825
1538642
1321604
1263168
107101
1083485
1235991
1567123
1390479
1189980
1172625
1298746
1502293
226282
1304523
451938
1037828
29391
1313645
1214876
138007
35783
147464
28823
1262094
150632
1543532
1145312
1151006
1578385
176299
1125919
1066742
1049349
1267914
1240560
1253886
1387442
1560108
1313394
1433688
1327332
1541075
123099
1034796
1454859
1255199
166552
1414954
1265135
1482756
1063461
387392
430822
1339463
1486481
1247110
292867
218488
1313062
218209
1419954
220442
1336600
1143348
1507547
1526206
146715
1283250
1125308
1331728
1260499
257745
1550705
1426353
1525048
1370805
1310979
1041101
1524
1517141
1075262
1302294
1176039
1392892
1017271
276837
1370143
1240345
242229
1250203
1319718
1065291
1374051
1496960
1272022
1507367
1160535
1480387
1001967
122975
1592857
1441610
1368512
1558870
225459
152666
1360290
257823
1339238
1115344
1591785
1406830
1529959
1330678
1401652
137740
1488225
1559065
1092191
1543894
1577134
1474802
1054750
1036088
1577527
130473
266978
1302293
131124
1519992
1363757
1383561
1260843
1492289
1503711
1093060
1242919
1562535
1282189
1036570
1202305
1185924
1537212
1580395
1466704
1188165
1392415
1096225
1220189
1283330
1512318
1527540
1255344
1435169
1464123
1316369
1219379
1535847
1379991
1059024
1545387
1552305
1115313
1520927
1309085
142670
1324981
1173522
1119460
1568525
1374830
1415637
1253888
1560137
214379
1523015
1512734
144866
1563713
166966
110804
1029811
1152839
1092185
1323914
1321237
1016379
1158237
283793
1274544
1491507
1405481
1022385
1536952
1585184
1239849
1443425
1405116
1380193
1276509
1451641
1497125
257091
1213496
1409626
1446124
1374380
1424404
1005457
1056261
1425342
1340644
1388084
1258933
1349937
149132
1375146
28431
380456
1340039
1145248
1097751
1334076
1413997
1494265
142765
321193
1051332
1392488
147463
1482453
1301968
1059840
1370897
1062869
1063285
1478967
1252581
1336601
1410820
161362
1193018
1316124
1526847
1322620
1487932
1152821
257390
1148151
1557098
163530
1106818
1449072
1046352
1459906
1294578
1277393
227956
16708
1469469
1181111
1485184
1525816
269554
1004146
278997
1445106
1161570
1366694
1381154
30258
202284
1243479
1000636
1403403
1552601
1366767
1151010
1315024
1173523
1199885
446633
1047926
1027038
1552668
288371
1589005
1311083
1250812
1140354
166551
1046534
1441536
302716
1020165
401363
1184397
1255695
1154025
1311082
1276911
1420354
1398130
1147470
236713
1579395
1394324
1139108
1445216
1401440
1048011
1450270
1548561
1132217
1017193
1070022
1267582
1169439
1263742
1473318
1132663
1529798
260938
1282279
135767
269761
1510317
1449737
1377916
1147248
1006195
1556172
1280084
1439327
1389367
1227290
1119608
1208948
1285303
203392
1130896
1341677
244356
261944
1095602
1557556
102317
1506708
1198705
1148642
1230036
1348992
1027565
1155023
1295579
1370550
1513888
118911
1356788
218376
1521631
1127745
1113631
1226997
1520677
1006182
164656
1080919
1582809
2379
1065504
1039384
1320630
1378791
1530617
1415904
1410995
1114231
1478950
1105756
1433605
1403564
668679
1140355
1188092
126889
1487553
500860
1187808
1547674
1144676
1528558
1389393
1112678
1410059
1329892
1085747
1347875
1081023
1466760
217655
270951
1117422
39540
242057
102045
1288770
1537782
1573373
211392
1576628
1207259
1010275
1153563
389499
1384066
1091655
1535139
1107616
1246976
221337
1200881
223628
285040
1429258
1147865
1473663
1441047
109954
1425261
1316662
140490
1295149
1004102
1423034
1512770
1346228
1535848
1330930
120584
1116170
1117716
1499650
1245892
1194430
1539136
22209
1361852
1492372
1539056
1135133
184297
1270371
149878
1052165
1088182
193165
1330452
1325741
158864
1059841
1126547
1285509
1053560
1165829
1405596
1041098
1246021
216554
1168219
1434330
250830
1168295
1249134
1372428
1158755
1257035
1080934
1175357
1156601
1334378
1336468
1055212
1255748
1571008
1319943
256294
322446
1135835
1505357
1204840
1271675
1270993
1495119
180828
1557449
102116
1293967
1483110
374389
19399
1013074
1592291
1151496
1068346
1587931
292334
193998
1159982
1343133
1062979
1058752
1592272
1490631
1422808
1426922
1587638
414806
1244090
1157007
1240091
1144528
1375140
1055276
1316076
1318264
1000977
1356146
327681
12824
1119490
1101411
1274446
1360109
1396321
130732
1265134
1563811
1026915
1274615
1564374
146627
1132264
1040154
1157952
1220531
159901
225090
1511982
1481032
1441917
306386
1106390
1044688
1380194
1381661
1350210
1006921
139198
1485339
1158653
1340038
136334
1442181
1420857
142669
1112338
1280918
1041421
1065290
416519
239756
1286251
1369228
204879
1129148
266659
238937
1315378
1550749
1588087
1169559
1026524
16530
1551127
1483068
1459120
1231917
1545203
356235
155679
327114
1064452
1517196
111134
1105101
1490383
1455288
16709
1019141
1521886
1160932
1083046
408265
126358
310097
1539210
280914
1016216
133511
206944
149103
216555
1372385
1255704
261062
1453295
1055652
262654
1556659
135184
509069
1232300
1017750
1051614
1486538
1573027
1067888
238111
1077815
1254083
1467662
1081299
1306624
1205161
274903
1306304
1154820
1167353
1153489
1435096
1213002
1586254
1341613
1431159
1465045
1268605
142237
1380443
129255
1255274
1389188
1271488
1229578
1498507
1323528
1107593
10383
1436093
1340078
171452
1270177
1275373
1127746
184794
1209119
124840
1561272
1424201
1132699
1158643
1017751
416034
1255713
143265
1336473
1145403
1409612
1048977
1318248
1429147
1151895
123016
216123
1393606
15054
1451117
1380574
1357452
1423945
1102883
1203178
1428293
167070
1015654
1259308
1346227
666701
348698
167071
1257082
1142581
117141
1242324
1155085
1374124
593528
1079422
1224754
1356319
1212361
1346347
1380392
1373506
1147018
1292772
1425783
120384
167842
1392590
1311689
253688
163754
18991
1080128
1588644
277118
1347975
149758
1474672
1164475
1157025
1283201
263041
1359221
1418739
352722
1504867
1002497
1267290
146379
1496426
1329071
1470940
1009479
1168362
241566
1097752
1186269
1030650
1208692
1416842
1205230
1265567
1413407
1507662
1538281
1343363
1008338
1318288
1309139
1567342
1056232
1048020
345033
1041427
1272595
1087897
1399580
1117787
1191032
1079011
247635
1133873
271692
1286425
1089594
169276
1519057
534940
1360223
1184647
1396359
1187541
151035
1124579
1041105
1394383
1351151
1050810
1497473
1510031
189654
36009
189655
1054142
1490821
1248428
1527212
1415905
1528587
1045574
1258767
1086031
1197201
1057727
1408519
1055237
1215688
1349454
21783
1448500
460453
1154202
1040235
1438102
1000074
1202153
198373
1240061
1508868
1143503
1366909
1440223
1384932
1423659
1522346
1530298
1133306
1491984
226219
1294300
271313
1398660
1523638
1554167
1255601
376137
1184302
1276160
319504
1116769
205212
1341409
1240235
130705
1167262
1283220
255041
1463011
256744
1533774
1255013
285890
1278718
1422287
1103241
22916
21425
1074565
236644
1241763
158537
1309572
1279286
155287
1504037
241646
1076392
229548
250231
1201434
1354841
1376493
184486
265956
1042639
10378
300843
1357055
1454084
1033462
1529347
140183
129863
1051625
1216212
1413993
1091703
1372369
117195
1176048
1247019
1197539
312797
1056904
1496831
1072900
1175283
1444770
1299166
1264788
1543564
1190927
1429314
1172181
1186213
1548895
207633
1000991
1544438
1590834
1137106
332589
1110175
142764
1540015
1512719
1498047
285755
1372504
1067271
106406
1340636
14117
1193613
1350070
1270176
1049921
1219786
1406441
1575177
1306104
1069427
1147017
1242088
1020857
1167296
1498508
1263803
1098098
239485
1435005
1121158
1150467
1150492
1183616
1395531
1514244
267409
187075
1013899
1556922
1005076
1023430
1378378
1120339
1347238
285513
387786
1567698
1191575
1377519
1540660
161378
1483346
1276843
1282815
1277484
1359248
1388167
1191844
1187410
398235
109345
150732
1134073
1382489
1162181
1296182
1023822
121195
1058568
1044650
1383570
131369
1115845
1392063
1581392
1545153
34202
484852
220065
344091
1536114
1418093
1151150
114243
1122487
242819
1534557
1076609
134283
1334651
1259487
1496427
1299730
1290894
1082457
1069162
1011262
1350308
1181813
229636
120266
1057120
1192154
1476336
1535361
1556126
123015
1102229
1574265
1165114
1267581
1143725
1589901
1371050
1242933
1274144
1107440
1009028
225970
1480386
214174
1031779
173743
239633
289952
1191075
1163495
361659
1382690
1513736
482320
1384773
1540468
1321700
1168516
1136531
1294219
1310064
1511474
146295
116126
1043333
1316037
1272740
1452137
197073
205639
246666
1171556
1034192
1403585
1414402
1192473
1531225
1370453
1362684
165818
1301349
1317266
1473121
122301
1076567
1020856
522321
1379968
1312857
1434331
136713
233717
1351194
207744
233254
232789
1309388
1069758
1190926
108296
1251839
1515683
297916
1564220
209751
1252046
1009855
1427757
1154578
1471475
1535578
1161091
191250
1577995
1319326
1111808
1346915
100206
23715
1581226
1499104
1453717
1111194
1233135
1432683
151555
371100
1062283
1233962
1113087
1215834
145531
169085
1379967
1022906
409231
1008979
1549393
1359741
1253744
1544717
1466557
1348148
174348
283785
1137499
1303588
145490
1293991
367336
1411135
1406332
202714
107374
1036396
1066657
1359524
140331
1069101
1355593
1015567
1161184
1067272
1209369
1519702
1098526
1293666
1544564
134386
1341477
1315397
1290153
1085621
1090169
1100927
1017625
1250395
1526371
1491747
1263712
1353014
1113374
1571228
1341590
175839
1167576
1404567
1368702
1018404
1388998
1367
1422039
1061683
355929
124512
1116413
1066282
210069
1205029
1085872
1330089
1087210
1057345
1020197
1202125
1446177
1394148
1047434
1020254
1375993
149564
146985
131421
146364
1456576
1222957
111696
138715
149879
1530721
120252
1537749
1463725
1136756
189478
1401653
118884
254182
1242603
1187600
1314113
1423760
1405226
1340123
1089612
1334653
1519703
1454833
1255524
1028475
1546189
1350098
217107
1410187
1019615
1357433
227476
1572636
1124902
1211058
1014096
212293
1428089
1463567
1341580
302713
1211906
210790
1334017
1020371
1351384
1558513
1479124
1358389
1551538
1004745
12495
1189995
1593210
168195
510447
1394756
285772
1222251
1404819
1135253
1502364
1037374
1337470
1205162
274
344900
1255525
289237
284768
1321410
1445832
1539870
1435969
1098549
1187248
1379159
1000932
1352834
1442951
1440486
328409
1239598
255863
21932
1507366
182486
1328674
246675
1499504
233912
1014754
1301901
1312004
283045
100958
1345807
1296572
1198994
1509957
1194175
172159
1271640
1235450
1126228
1060956
1380442
1526909
1274350
1549886
1012017
1084279
1273959
1194786
1515046
1074202
1451500
1283154
1354081
262457
1316500
1326845
1104979
1310737
1447068
142544
1194880
1073135
1536432
1344955
1435489
142171
1538993
1224143
236166
1501094
138140
1039269
1432911
1360816
1517230
1483920
1156191
1562534
1137071
1261088
1378549
1090493
1135854
1176409
1236423
1110006
1267327
1178193
1462666
1365959
45324
1368940
1190652
1312789
1484336
1326473
122913
1479551
1139131
168584
1434788
1283327
1018367
1361627
1385816
1063852
1356743
251169
1140801
1573327
123442
1351622
1326356
1345763
316601
412302
1129327
1469061
1029994
1008302
202370
1104844
293868
1576690
136958
1110282
1391838
1513899
1552705
1465089
1078052
1121152
330863
1030737
1437887
1450449
1408823
1314114
1516618
1333177
1476287
1490645
1091577
1097217
1333571
1029926
189566
1183043
1519603
1420355
1347968
187727
1326245
1025334
145526
1144081
22214
1292727
1400527
172142
557116
1549467
1001835
1172103
1099777
205327
1473018
110581
124710
1579064
1334822
1274816
1434435
1140607
1282617
1303590
1502416
281133
1008337
1529353
1010978
1088487
1459907
1414823
1299697
1428657
1391014
1277183
1329539
1297515
1048976
1181340
1086762
1082471
1113869
1336200
156730
1008604
1407163
19230
1316036
1485304
139531
1372880
1018366
1292488
1082885
1157478
1030547
483414
232826
1414290
1090993
163261
258596
205014
172063
1055851
1259363
1030553
1401424
1100973
416033
1188539
409215
1393356
1072490
329436
1343203
1305560
1221336
1032352
1028521
1340866
521657
1545916
1268498
1304549
1550076
1563015
1284181
1411147
1323104
3342
342486
198474
1141224
1315341
1123351
1425871
1109550
327286
1290154
1094608
1043147
1181122
1168515
1044652
266456
1235706
158743
131462
1345854
1282116
1184637
104658
1324483
1343364
1529346
1259415
1423899
1336176
1395493
1408284
1269404
1563987
1455815
1258222
285725
1019409
1262538
21061
1230607
1351978
1194631
208248
1204839
1229026
1305490
1587758
1014929
1010872
1341819
1276964
1579066
1221934
1368543
1124743
1485147
1102285
1261206
1221933
1390564
1271354
56818
1118774
1251600
1117786
1538992
1223627
124131
1191132
1496583
1118807
1260067
1004916
303248
1446281
1471919
1382083
1081304
1263941
1520186
181842
1206007
1133277
207653
1366221
1566871
1087521
1542111
1526126
1147745
326316
1353211
343975
1225758
172988
1349689
1005475
28307
1165073
1117139
1271353
1313329
1345716
208272
1229954
41392
1456575
1456086
1257098
1574755
1223585
1216222
108102
1128882
1428115
1095843
1413422
1416667
1259230
21380
1277251
1190731
414815
1540086
1292728
1343440
1117651
1543958
1148725
1395386
1409856
1140087
284386
1043900
1452791
1282561
252539
1484953
1217005
106405
243492
1466079
200557
258945
1261709
1000869
438890
168277
1090355
1412631
107953
1123352
1237861
1188492
1358391
1015655
1151376
1325092
1155436
231956
1380638
188734
1454056
1038209
109523
309227
1253275
1089327
36357
1000915
1060270
346635
1064456
1406714
147225
1205546
1284240
1204699
1004825
1191047
196563
516726
1257912
1481948
1346280
1571515
278299
230867
1149860
1481949
1066964
344164
1092181
214256
1096
1559647
1421250
1045659
1557891
1457660
1055247
153562
1295184
1493939
199126
1032524
1134299
1107937
1168692
314723
134774
410370
1186121
1556746
1577556
1211638
215593
1280129
1573705
300925
1233320
1332716
1357224
343978
1228168
1187599
1374613
1355730
197488
157872
1420959
14475
1448335
1349615
1361640
1531475
1160942
253736
35676
1332060
1112376
1468698
1338690
1153703
1067499
204745
1510694
200131
1534863
1358282
106020
258313
1083906
1357113
1550965
1463568
1478225
1583678
1064000
1139130
1360712
210789
231989
346837
1170862
1000914
1012594
1549596
1001718
1186976
138841
1306978
1224760
1086669
1332607
1022984
1154192
1369144
1367668
199958
1416193
1289955
188454
1060463
374226
1214856
1026772
1296677
1539181
1387656
1358822
1344945
1156836
1142522
1016623
1456163
135351
1523593
1512330
137834
1400865
1394628
1281350
1114558
1500276
1505905
1053088
1487982
1484787
1274798
223059
10841
147173
1335498
1572251
166377
1243302
1382318
1448676
14437
1146914
1486632
338115
1399179
1404566
1210413
226066
1255232
1088472
1404056
154642
325788
1147578
1165631
1474157
111512
1056018
1127883
1341256
152850
1244866
1071792
124911
16347
15285
1092341
127872
1156620
196462
1347619
1085598
1211553
1589617
1264747
1352700
1506144
1288174
1466078
1214914
1395385
1118040
1458220
1099315
1115142
221810
1211552
1345559
1161940
1002366
372091
1402063
1321908
1525350
1066687
1446064
1030546
113878
1144392
1236704
1122392
599691
1321953
1022123
1359964
1367061
3217
1477619
1280915
1480480
1172075
1287666
1581850
1135466
1193680
1275399
1113375
173510
1010305
114888
1529944
1384657
1383220
1403871
229577
1042727
1123267
1356645
1020056
1409088
1275395
1426938
279962
1511345
1583324
253207
1581849
1446063
1207397
132278
1254340
468862
1094443
2031
1359664
1045019
1105357
1551373
1246586
1239396
1456085
117446
1060465
1516397
1427672
1494350
1337927
1167772
1182326
1305803
1060696
1344094
1420401
1286415
1068347
1220335
1317475
1073165
1437546
1217004
1419617
1091739
1036027
1102885
1216096
1253611
1495523
1050325
1366215
1149508
117649
1048718
1394820
474016
129022
1545629
1108001
1519135
1449059
133384
1170729
265752
1105605
577197
1486816
1012508
1325069
1024233
1950
1157974
1017624
1011922
1558512
1146913
1116171
132305
250120
1088735
271447
1151391
111190
142456
110003
1106808
1152815
1479146
1524907
119661
103741
340223
1363594
1198043
1336913
208863
1071793
1158945
1193679
163303
1361218
1495017
1295599
1216747
1581851
202112
1109552
150686
1463081
1574412
1571373
1056497
1484184
1430925
1178609
1340231
1064944
1413001
1415816
1536808
1056251
247253
210070
1004905
12026
1583988
1280130
1118163
1022597
1573706
1225075
1474478
1096796
1547194
1446178
1327174
1293189
1575699
178533
1471184
19887
144665
1590480
1462638
1391009
1323646
1315415
1474297
1509127
230822
1394738
197493
1502126
1293209
236814
442038
1366282
1549276
1196694
1229976
1014958
1080430
1133995
1144606
296496
1423602
1572128
375468
1503368
1094801
364078
203447
1571004
1332742
1021191
1189476
1098527
1574790
1030127
1435970
1116348
1206593
1449225
1306046
1157562
1226648
1215879
1201433
1035239
135039
1113004
1428943
1540879
1056992
1391666
160544
1311118
1525744
1289905
1038010
194691
307726
252423
1413111
1588682
1252044
1310658
1313156
1295015
1367934
227239
1038506
14548
1280344
1021068
1521587
1358449
1005266
1471788
140020
1325922
1124038
1475585
293917
1072158
1187542
1471062
1049598
1585922
1212651
178897
1215011
1220190
1084546
1048012
1180148
1392414
180210
1519641
173469
125457
1043713
1308970
1025710
1370222
1338872
1224042
1319137
1082886
1453870
178240
125026
1186841
1574546
1141075
145230
173744
1532687
1363595
520920
1058290
1569651
1381184
1244506
206914
1353329
1054446
1440081
153548
1469060
1529808
353809
1210137
1079218
182579
60708
1315242
1133276
1030659
1062366
1274799
1363872
131268
1044566
1508239
1034795
367036
1276965
1491218
1101946
224288
1260369
1186504
1496624
1135247
1060955
1460158
1036442
1345561
274779
1033941
235071
1537876
1006900
1561661
1194637
1142062
1130660
1152125
1102125
1273547
1060576
140336
1124039
206934
1075602
1322985
1480646
1418033
1380859
1471234
176427
2894
1086163
1085871
149728
1165599
183078
1430839
1272767
423004
1510446
1078846
1142018
264982
1377844
1475941
206725
1391013
1183906
1414980
154756
1070408
257389
1306641
1409691
193212
264692
1182844
1492318
1189994
1408442
1175430
1122745
1285241
1389089
1202676
349881
1133145
1015064
1251596
127762
1481219
1118041
117045
1374612
162012
1241107
325132
1588113
1232002
1403101
1292790
1407328
127318
1315220
1275116
1028017
1511563
1374105
235127
1285307
1110176
1053212
1176833
375250
1276968
1170863
1548079
1366971
1323710
131463
1526067
1049391
1302581
333552
124452
1590747
1107530
1525836
1435598
1215560
124463
1345399
198636
120320
1055637
1075601
1479596
160545
1583884
1055298
1099112
1295536
1524812
541621
1025814
1157026
1413885
1203215
227985
1100883
1127729
312478
1519058
1010982
171924
1056197
1475171
1316974
158664
1177125
121346
1062709
211049
1346403
1165986
1004166
1323102
190873
1433182
1504069
1367350
1427742
1172106
1284816
1534280
1576064
1277646
1531679
1074534
1117289
1268430
1004655
1005377
1386180
166915
1382376
150042
1577138
1077700
1330903
1117764
1254383
1396070
1420705
146079
1241490
1229530
1395639
1343011
326595
1321907
1465500
1239995
1362033
1510839
1537887
1230488
1014925
1383219
1316182
1409767
1048991
1484242
1414328
1272939
1339846
1230646
1141086
1330169
151756
136262
1038417
1104558
1432601
1517259
193000
1324845
1128706
1422457
1233394
1151290
1039404
1442340
210859
1493940
217205
1245286
1239939
172769
1589561
1234203
1465427
1278545
1110954
116125
1308178
1300629
367792
1051952
1378329
1136434
1270639
151945
1572996
1218757
179198
1524713
1217003
1116347
1072093
1243074
1302003
1022253
1254324
1584695
1069428
1280131
219846
1462028
1567595
1503679
1121564
30748
1466509
1509026
1004100
1145
1034599
1446256
1021779
1317541
206219
1091640
327410
1359071
1475600
1265225
1052935
1377485
1417254
1048880
1360410
1067101
1080744
1187061
1534619
1578200
143230
1357212
1566485
210252
170216
1554103
1265777
1396916
1308553
1352607
1273513
1045845
1426113
1551828
1489139
1363050
246809
159303
1116749
249792
1318289
183965
122940
113750
1356539
1438774
1324354
1537321
1212549
142982
1283390
1294485
1329678
1164319
1561356
1105065
186432
1043079
1408467
1464130
396783
155959
1533016
135645
1053211
1265330
1491325
1518335
1112382
285558
1292549
134324
1507348
264352
1135099
1492819
1269139
116084
1367667
1110701
1479128
1116176
1224889
1176650
252039
286753
1300328
1190840
1123376
1190841
1331130
1576107
192962
1381563
1178715
463645
214743
1373896
1453018
1250740
1448536
1357614
238418
1050582
1480647
268227
1231752
1414501
1134649
1356945
1520508
1045198
1087630
1130029
1507494
1398794
231009
1424642
1039575
1301645
1001909
1143484
1549561
1321902
1137090
1104856
1580659
1449672
1357314
1368896
1095627
1070237
1139598
1073505
1074393
256448
1324756
1493491
1313955
1077575
361092
196844
1269236
1538734
1309665
1441341
1353331
116928
1390990
1264289
134597
1353397
124444
1540388
1108906
12847
1428733
1582130
1066404
1516574
1151288
1452268
1426473
319581
300211
1009314
1284017
1267659
1277252
1155601
1027179
1306174
1441399
1421053
273676
1194118
237041
129586
1075639
1358283
1532914
155666
132381
1005471
1348446
1119966
1441409
1502678
221601
1259714
333699
1259783
1203446
1431211
1040368
1025519
1110283
1517389
1299995
1436379
1191393
1521862
219582
1254934
1484568
1569205
1167665
1083957
1502739
107474
104450
1050702
1200376
1408314
1108189
1388847
1077117
109450
1267039
396405
1437768
305779
1036189
1446280
1360743
144130
1503590
223218
1122275
177126
255364
1145402
1231800
186241
1281961
1516119
1418955
1230487
1163451
11075
1309583
1128435
325969
1387441
1289034
1071549
1446015
1528983
1026752
1473270
1150836
1433216
1209112
1238737
1462830
123790
115028
255576
1323657
1288823
1400413
1006103
1413435
1546259
1111233
1216588
1469003
1210138
32385
249857
1264461
1455975
1345870
1054208
1253676
1515050
1433521
174271
1484100
107087
1450514
1503642
1159475
1276105
1325415
1111365
1540551
1461505
1174602
1055454
1242861
1061016
1028241
1003050
1317485
15060
1424566
165506
1079779
1371788
221401
1261130
1143644
1378663
1165095
1156621
1143146
176574
240271
1055975
1476221
1090170
1099819
257227
1337270
1412979
1141995
1483985
1032108
1590021
1115245
1008584
281419
101513
1529269
1342170
1253250
1556789
1068917
124309
1453591
152997
1439323
1437280
1534904
1110268
1394422
228071
328599
1275292
1578849
1248876
1066280
106694
284842
1341404
1201443
1552337
1163353
1503124
1354798
1197847
1245119
1390504
1475621
1092563
215678
118924
1554617
1451640
1326476
137641
1107655
1318464
1240848
1134135
1229975
1165180
529533
1413884
1390924
1593293
345986
134
1217148
1269276
1258256
117762
1577414
1210766
1202126
366738
1260368
156336
1496623
1417981
348248
207824
461400
413001
1465318
1151527
262456
228193
1015566
1545327
1225244
162756
117447
1060464
1130327
1253314
134805
1057644
1149018
211474
1432978
1554102
143531
1022049
1041438
288381
1492868
1389133
1080925
1524478
1073166
296120
1442588
1114448
1172988
1223788
1299948
1042029
134773
1407862
1337471
272513
1482276
1304814
1434134
1479939
1262732
178378
437222
1295116
1241786
1269690
1349032
319568
235790
1388937
221139
1357442
1494229
467695
298308
1110851
1397084
132891
1042480
1094858
1465906
1184841
1454411
163655
325910
1346789
1077389
137393
1309437
207825
254351
1380787
1479129
1505160
1111312
1357951
1216908
1328384
367791
1179809
1287913
1377828
224542
1051951
1134048
196966
1219606
10590
172861
156731
1115884
1272865
267170
218380
1261684
1255548
1098341
1503145
1218755
1486438
1311706
101473
1461536
1301484
198698
339694
1158439
1044262
2565
109346
188695
1475304
1489571
1468569
14846
1058289
1071074
1250748
1459340
1382125
1365110
1089935
1366804
1062328
1242442
21943
1260298
1006426
1565981
1189741
1049390
1215303
1095141
270808
189620
1396918
1293208
136875
190866
1537150
1213781
1508486
1541397
199839
1575034
1548078
1170009
371222
1075371
1012114
1088471
236626
1127627
322887
1430924
1412773
238938
1425082
1455437
1407974
1087121
1300741
145679
106695
1191564
248343
1533882
1456990
1345072
1562477
132944
1372832
1228521
1490355
140550
395426
1269639
1096631
1148775
1288360
1022842
244810
137390
151791
163675
1265940
1381638
395427
112350
217941
1131419
1217617
1031171
1390325
120980
1531941
1186135
1002035
1350430
1458221
1047740
225318
1378604
1428365
1572804
1272940
1261447
1294003
1517732
1071211
1045170
196843
1025798
1312072
100805
1312389
1451000
1130377
1093837
1102339
1368
150968
1100999
1137797
355846
1059461
1592279
1135305
1244836
1580061
160543
1339888
168544
1408180
1161727
1407490
201824
1182586
1382852
119361
1299749
1461386
279558
184189
1497172
1053030
124409
1076205
1023235
15076
1178714
1276533
111724
1024920
132934
1380368
1175109
1251445
1395998
1052464
1528832
1067190
1557860
1342731
33523
224270
1537172
1303713
1004018
1364047
1481127
129196
1526792
1586723
1374832
1507058
1014987
1556902
1353513
351904
161092
1151023
1141159
1194507
172646
1215873
106631
1383772
1122962
1557562
1501668
1086224
330190
25083
1312374
1368506
1348669
1116583
351468
3453
1404532
1514712
143229
1138259
1288113
1413399
1046585
1208004
1054543
1052559
1345211
1271914
1540509
1500699
1467090
1461125
320970
1501140
1389189
265502
1310179
312896
118843
257177
1480651
167225
1283101
102038
1407029
1500593
1002873
1252377
317910
147844
1031872
1115751
1121492
1428651
1238224
1476951
1580415
1128343
1517145
1581925
101820
1380282
1311011
1192746
1323090
1515681
1347002
1366956
1450973
1211572
1304576
1186842
1421178
1148045
235852
1167270
1116265
366934
1571048
1156286
1163209
1575239
2762
188317
1083463
1253661
229699
258594
1362032
1317865
23896
1467645
1195747
1085000
1325021
1505235
1280353
434027
1463095
1514919
184863
453642
1291311
1120169
1247175
224271
1105414
1150114
1124883
1042028
1200375
1543490
1307074
12456
1123627
1102542
1592495
1026378
1126569
1253521
118842
1473052
1159596
1205878
1054673
1054880
1276973
185226
422809
156261
1523688
1198434
1093510
1220104
1551733
1429869
1337269
1214918
1506781
317498
1302878
117316
1235974
1164292
1483704
1097525
1372677
1034005
1493687
1477391
1214335
1365369
1351896
307192
335968
1270118
1272913
1160025
1028313
1453334
1139508
1501130
1434362
1193833
1049204
1123618
1463890
1211573
1454359
1415195
1066671
177798
1124504
1406453
1059023
1009293
1553222
1120897
1068552
1165359
1349283
1086530
1392102
1260540
1359621
1456881
1425267
1484254
1047388
1066688
128624
1566111
1470357
1401048
1340243
1485399
1439435
1312388
1413719
1104557
1371628
203110
1005521
204087
1425293
1446551
1442705
125337
1542374
213764
209441
1456989
1444879
1485821
1154292
1012390
1450424
1475172
1341601
1213032
1230897
1452015
1394499
1038021
166089
1209370
1056608
1352086
175972
1192472
1339483
1257633
1316514
1536585
1348106
1173024
1228688
1387042
1521588
134325
1215379
1253260
273417
1324905
1286317
128439
334295
1497037
1464373
249791
386040
1504528
101821
1062543
369702
311914
1076870
1009118
1235721
1345370
1235329
1076903
1227524
1492177
1532125
1096748
1129635
500286
1523371
1306053
1090098
1297672
169275
1385637
1142968
1296424
1572145
1043252
1236261
19021
1291672
1295958
159261
1119563
1540907
1346450
1141166
1366196
1290616
1070236
1047389
1289432
1030269
146262
1285271
1038101
1364814
1275291
1138868
416035
1270013
1526372
1507050
1383422
1436717
306993
1318222
101474
1159750
1017554
1266071
1394636
1112750
1264303
113977
271457
139836
204999
1247286
1252202
1312489
1558
1254424
269129
140091
1022948
1022841
1429259
1124626
151790
1169273
1267429
1147980
1101601
1054435
188051
1239903
224182
234758
204880
1459839
1447340
1178838
1388848
1391916
1057055
1422315
1247255
1181252
152718
1254527
1259984
1140831
1004716
1003097
1070353
1322727
1075498
1070388
1578209
221368
390329
1178194
118751
1269221
1317945
357712
1095826
1199395
1154500
1465907
245980
200008
1396736
1380982
161107
1070593
1110580
1226891
1285225
195228
1508011
138885
316263
1264520
34060
1255225
1076478
209403
1240012
199396
1427792
1339482
1187945
176366
1305117
1117390
137967
1008443
1419320
1379451
152175
1268770
1169772
204363
1541292
314573
1102283
1252768
1523692
113338
1078874
1105418
1283346
1264214
1372371
1217147
1253520
1016954
1590353
1560496
1433744
1518295
1348367
146532
1153624
1219783
1373755
1378912
411554
1528133
1541500
320237
215734
1371390
1135102
1115547
1188853
1294382
1435459
150584
1116410
1214972
1206264
1531893
1001452
304301
1265038
408196
173309
28372
1554380
1578926
1560547
1004615
1070320
178293
45466
1531704
227031
1043482
1332107
1255453
1211908
1165213
148971
1546319
1098635
1434562
1378108
1549458
248541
1046793
1020484
1402568
1265691
381867
1443900
106995
150877
1198387
1447289
1276007
1284610
1426342
290604
1102723
1397740
1056657
1349569
1587816
1446279
324217
1133154
1461912
1440228
176890
1123664
1494933
238048
1022939
176124
1277090
1179104
1070716
1176330
1073440
1562476
1421251
1455691
1457848
1289435
1578444
192996
228209
1479106
1464262
1431089
1421583
1592999
1288220
1347969
1326933
1337730
216956
1398648
228870
40079
1119739
1182076
1492574
122914
1397737
1437249
1028867
1300085
1353298
1266953
1552561
1530433
1409855
1235400
1412605
1266954
27732
1142857
1067207
1543143
1126863
1506991
1157258
236447
1296413
1555906
33144
1396296
248253
1435472
1070290
175292
1126827
1142619
371944
106638
1261065
1250747
1171321
1037469
1271849
1300585
2030
103924
1550663
1109238
1433424
186541
328423
1381185
1226952
1075805
1225234
1523156
251917
1249865
1057341
1116787
407570
1006127
1585603
1460632
1239899
134641
1434132
1020403
1495088
1162775
1535247
179176
1217241
1272752
1360419
1427174
1451258
1116172
1184254
243650
1202260
1296877
1200880
197245
1415337
1263919
1447094
1021916
460513
1230540
1469419
1361164
45205
1275639
1121563
1417137
221345
1049373
1378438
46745
1277334
384841
1233319
172187
253547
174751
1036226
1357213
209404
1170599
1269220
514994
1446598
1508450
1040663
124475
1463889
1531861
1123088
1312168
1242734
1263410
1107837
1328967
350410
1043174
314574
430601
259509
1379719
1452438
1208134
1448901
1329157
1273645
1574569
1215561
1336740
1278032
1368904
1033645
1339339
1141025
1296764
1463726
1104726
1441698
1546976
1383082
1483922
1545154
1042634
218447
155524
1478214
1214323
1076610
1464508
1566638
236374
1335815
233913
1045004
1515682
1448622
1544459
127849
196714
221141
1238635
1171435
1172448
1194549
1210560
145494
13096
1340645
1210961
101497
1286475
1263062
1054476
1087256
1582139
119285
20816
1477532
1515226
1050784
1205879
1222508
315765
37851
1218219
1263061
1117561
444931
1171740
1105099
121849
1402206
124368
409624
1480667
1003903
210556
1019240
312042
1079564
1435460
1437822
1543491
1066895
11174
370622
1425914
1449957
1170600
1577750
197830
232234
1448890
1389702
360400
1313963
1476286
190865
1353501
1507347
1333554
334529
1479353
1330939
159377
176659
433476
1069655
1504516
1462047
1443050
1112974
1058291
1401270
1406715
1128301
1162662
203627
1174036
1536142
1246140
1379226
1540310
1407413
1211758
1360751
110813
1494258
1213096
293143
1403755
1314238
1203190
180918
172417
1458808
1317076
1434802
1292285
1173626
1286758
1375478
1044263
1544864
1496810
28429
1005307
1093872
1508371
1198784
1454272
1260042
1196400
1441233
252758
1187465
1441020
1224155
121636
1355989
1371863
376151
1137367
1132209
246630
1121198
1573996
1347118
1417739
149349
1342777
1351193
1150176
1531419
1123650
376035
173308
1454312
1554385
1288112
1135101
1480650
1377042
1198977
1185506
1571854
1079900
385658
1272820
308392
1522841
1439039
1221285
178080
1491481
1268668
103427
1235990
1167890
105841
237331
1411033
1279167
1056465
196423
1060430
147196
1536268
1381186
245111
1338026
1551121
1205728
1514388
1134818
1417613
1095508
1347001
1167110
1096016
1080969
1442321
1076206
1495194
114011
414734
1254878
1247176
1208199
1354264
1289119
144323
1305347
1478384
1105875
280597
1149030
1445927
1286849
1232028
1335073
100444
1489017
1199180
1147441
1352791
1295150
1065471
1088759
126207
1331524
1191346
17326
1548663
392684
1196592
1419379
248298
1359746
1098414
1575058
1296380
323478
1144035
264135
1162236
1525573
208690
1128434
1323769
1372833
1117821
1461265
1269888
1180892
1206150
1078795
1138853
146263
1057701
1273665
109550
1045199
1208276
1539466
1115306
1558809
223169
1558810
1244457
1231668
259352
221740
1090022
307488
1526553
1333579
181442
217940
1064856
1195330
1012891
1123437
1142058
1588028
1294283
1297456
1450942
1417933
1560418
1268030
40120
1338139
1307192
1166029
1001034
1538542
1394319
1398031
1433437
1530921
1440066
1021416
39784
1230597
1043678
1475224
155693
1556916
1428883
159927
1590454
165092
1268093
1151563
1151080
1313086
1065707
1115308
1228557
1377520
1576408
1238361
1210453
1153632
1400387
1344130
1567865
1381658
316541
1556367
1155437
1437250
424058
1197614
1438046
1192279
1010582
351535
237731
1377122
165016
1318846
1276006
187479
1227992
1455721
1560499
1475305
1161542
1438136
1225233
1093198
1005349
1487858
243217
297180
1478886
1003221
1081225
1089903
316406
237001
1048272
1078794
1456838
1284609
1033432
1311978
1309632
1181286
146546
269660
1577318
1580330
1452522
1178559
1465647
1202837
1078078
15096
1001554
1185794
1209722
1580977
146533
1350484
1220336
1302959
1112234
1225588
1246817
1521351
1396914
1428469
1083221
1031817
1431721
312754
1122286
1492444
1359684
1016537
1153263
1370429
195229
1501986
1128707
102214
346047
1019659
1350423
191846
1391802
1055641
1417612
1012113
1082664
1078546
330431
136876
1235954
116301
1475107
473825
1542963
1521316
1564723
263980
1535054
1249181
1086030
1372427
1165679
450119
137339
1226632
127838
125994
1423530
210211
293053
1332764
1093320
1288816
1138498
1574533
1134455
1343127
1471915
1587269
240820
134640
35583
1542257
122235
1572637
1172989
1559428
1144031
1195797
1349225
17836
1139231
1084408
268014
138558
1375680
1343552
120383
1057074
236184
171930
1420286
1031055
1424895
1535613
1190616
1509880
202105
1252284
1331281
115291
1079232
1526143
1179653
23025
101091
1499834
24810
1030128
135865
329256
1142605
1569283
1437659
1245472
179121
122498
1326800
1384394
281875
1253643
1404484
103570
1089464
1038068
1440082
1331021
19442
1348327
1593001
1276700
1222202
1286710
163667
1297496
1591108
327984
1028777
1352675
1354544
1410594
1053535
1505047
1284016
1317077
208751
1091773
1003745
1270946
1567998
1484111
1366641
1268429
1340265
1239617
1334149
1268029
1296381
1445393
1336252
1293046
1422047
1272718
1452280
1245287
1444812
258595
1480013
1243568
1262034
1103859
286033
1382452
1208247
200132
149745
1520196
1470333
1065948
1322111
159281
1224040
1228081
105560
145817
1122818
1369758
1022018
1564840
180039
1482585
1363548
1332873
1457501
101915
1524966
1533689
1266082
199785
1343386
1145055
144281
1167584
1229009
205107
1543384
349756
111836
1428182
1089911
1158153
1111856
1418259
1484711
1098641
1516303
213024
368971
1209456
271640
1081175
1323964
1225317
356600
1569986
192715
1585015
1102865
1372020
1133895
1389315
1458739
19022
1059117
1430217
1116206
1273143
181225
281970
369724
1510856
1376359
1189195
1356005
1393834
1571728
373272
22466
1245362
1222570
1499552
1414401
1308471
1172596
11340
1450647
1051536
1421179
1417077
1215380
1210559
1340168
228520
1407382
134062
1367309
1094867
1517335
1321954
1389867
1568716
114230
1562709
1125527
1466750
1226879
1471922
1501793
1356007
1222118
230045
1369127
336113
1120823
1570082
1141088
1456550
1306870
1349779
1337073
1121415
161946
167650
1468523
262526
1492352
2641
1212099
1485607
1547623
1269398
208250
1363378
1022611
1505779
192866
101150
115626
1503903
1544832
1356494
1023298
1068145
150691
1198803
17811
1111754
288240
1157149
1357168
1256018
136197
1542076
1448940
1294004
1454108
1346821
1270511
1383421
1131329
1224906
1000796
1582015
1445914
209888
1236535
107325
438218
1470031
1463094
452791
1436452
1039819
1140781
1210460
1587748
1364065
100164
1531173
1252798
1192280
17996
1196514
1526796
1372495
1401441
1289765
1210118
297897
1092912
1183323
1226961
1259333
1585212
10614
277707
176294
1163346
333311
1251460
138919
1229518
1091774
638365
1540311
1352767
1401582
164420
1077574
1054434
1569494
1314565
1182077
21626
1325093
139454
1057056
1270638
219598
1365328
191625
1193229
116844
1576549
1250348
1394113
162412
1237061
1358371
1229331
333595
1199668
1189745
1123087
237306
35001
119287
1006567
1329799
1049358
1100401
1402082
1047362
1249698
1027211
1119804
1452344
1244785
1115578
1046968
374797
579394
181807
1033121
1425096
1464587
1567646
1198870
1500957
321392
1327150
1450447
1098886
1378894
1168568
1556490
1345234
1422673
1316135
1186920
1010097
1172427
413024
1377146
158126
1428761
1383080
1234009
1032572
1387877
245305
223820
222569
1541492
1178791
328883
135052
1155151
1168133
1362837
104944
1116740
1232634
1504489
1484286
1359558
194906
1263932
1269816
1373733
1579890
159082
1385507
1023965
1200712
192819
14351
1295314
336075
1438556
1510840
1177124
1196352
1062864
1231276
1437105
1109426
1088345
1243295
1092142
1421012
1269024
1176331
127571
1542031
1649
352944
1587817
31115
1114235
1485785
1552055
1127623
129410
129168
1581174
24470
1553166
178066
112260
14481
1058390
1012351
1004101
1305116
1005689
127713
1538246
125658
171267
1021914
1080245
1138981
1378330
1255872
1149183
102268
1268873
1414737
250150
1389459
1522929
30315
1550986
247233
1001783
1234104
1122109
1213197
1429916
1521039
1503833
1246421
1574565
1082723
1074012
135499
1117839
1145714
1447272
1055806
155999
14547
1130664
447917
395941
406646
1402553
1089280
1485738
1071708
184299
42204
1413620
1207346
212524
374005
1049689
1569004
140296
184191
1270936
1205877
197458
1534390
1134312
115836
1478349
1559794
1200732
1418252
1567059
1328139
1095569
1448760
1111096
1353433
1082665
1111714
311237
1093141
1249179
1525439
1142202
1331924
36016
1223181
1255761
1246998
1314844
1037435
1304630
302179
361450
1017590
1508084
1259985
147946
294653
1053878
1336798
1353673
1424643
1019140
1314412
1156707
1542030
1229743
1141696
198033
112508
1436285
1168417
1368436
239877
1206525
1327846
1043166
1256895
1210521
1258862
316685
1410083
1011388
1472192
1002557
1212149
1047514
1086952
1352626
219169
1527049
1201139
1466915
1367066
1415535
47625
197703
1265939
1110156
1344890
12868
224636
156750
1281946
1042087
281191
1278036
484115
286631
1341527
1246419
1084409
1189757
1518520
148539
1396625
1053089
208273
1531223
1340720
1510909
1206888
1070242
1498807
1092524
1430517
1523667
125993
1477338
210365
1316358
1213773
1243514
1258301
1135617
182039
212013
1278630
1197983
1056178
1043423
1022441
1236110
1081139
1412073
1466861
1560398
1215226
1423391
1039435
1475200
1438106
1515448
1219409
1459004
1117761
1230271
100179
1292124
164867
1561011
1228452
1277184
1479337
1508199
1102489
1474801
284766
1592281
1062772
175588
1535891
1134810
1248538
39376
1321817
1256999
330878
1106819
112074
1575173
1252573
302427
1483907
1011611
526263
1309147
1015228
1375376
1144242
1486245
1226780
1011610
1165236
1541679
1435996
1218592
1493235
1405497
291085
1551337
1253343
256666
263818
342894
155700
1335567
215383
1300668
155866
212136
1117698
1136412
1566850
1544963
1475271
1441770
211255
1299996
1148597
1391102
1255928
1189197
1430158
1477063
1498073
1394656
1075616
1490484
1255322
1040057
1260683
133065
146280
1187051
1417284
1261987
1368544
1489557
1086174
1245081
121782
123903
1058141
448305
1463192
1325493
1132112
1007118
1324067
1155827
1202548
1483185
1183626
1341285
1410595
1017699
1046770
1484394
1284520
116309
1213031
1369351
214255
1167837
1344891
1247496
1521762
121950
1588968
1340806
1272717
1571047
111657
1512595
1038676
1590960
1417934
1000212
1178608
1121552
1144522
19441
1575529
1059022
1091493
1117463
146317
1407946
1129166
1423087
1538046
1229330
1426567
1494215
1569005
1535880
1528052
1406929
1564565
184348
286999
1156831
1547756
1359035
1244480
1527459
1466742
1453511
155468
1295867
1420678
178810
1230161
1433534
1196710
1126568
1333235
1141104
130370
147032
314952
1279378
137981
1106400
1332723
1057019
1210305
1119594
107985
1018585
258128
1272770
1258302
1026622
1547755
1150435
559144
1000424
1055636
1000364
1318519
1215590
1378212
1422949
233954
1466889
1297152
238497
400299
1026618
1136348
1004509
1169036
1511681
1078545
1359342
1483267
1003333
1109232
1030818
1299925
1080990
1375748
1164650
1295017
1249922
1286117
1289668
1512022
1575020
1169501
1575017
1294621
1547094
14549
1117075
194218
1456001
262119
1393127
1338027
1445831
1219222
249735
1044260
128691
1389966
1535572
218226
228729
207806
281333
1260803
120944
225921
1582642
1589273
1494326
1260964
140760
325270
1460878
1589622
217553
1084515
1545380
155056
1177325
1121431
1003334
1097100
1021952
1518935
25548
1002406
1207549
1022672
1111302
1540765
1329561
1405733
1194771
1284957
1041020
1347882
1404531
1065503
1339052
171925
1343385
165824
1053559
322913
1151622
1406152
1481697
1031482
1278608
1153704
1122791
1276101
1087160
1488797
195180
1202188
1297415
1484872
355473
1038802
130993
1269760
1499720
236022
1247145
1306250
1455319
1457193
1404990
1293225
1390473
1492821
1101449
1177028
1120851
1059504
1199711
1443499
1488010
1473096
258297
142220
147432
1487049
1477127
1438183
102053
1589836
1121884
1182563
1277041
1185507
1443706
119496
1571734
35058
1557878
1429198
1276995
1224917
272033
142434
1291939
1373230
1174714
1157561
1290792
1437888
1528507
120083
1078220
1512875
1227087
1254533
1171497
1067550
1141708
1022690
1227128
1058370
1423086
1297572
1432977
1483525
1286935
1424630
1492328
1020870
1100332
1179764
1241677
1218792
1020253
1428219
1417365
237526
1023726
1410494
1584453
1089086
158155
1273033
1109825
1481220
1117076
1464919
250529
3078
340540
1334106
1301907
123566
1499964
1458010
1190828
1058444
1396168
152068
1027579
1212530
277380
1410468
1048728
1105874
1076749
1027123
145378
1405686
206194
1313580
1016170
1113823
1012656
1433490
112212
1444118
146195
1301833
1136040
1139925
315807
17331
1327295
1300987
1097083
1517283
1317395
1174181
1437228
1021580
1551215
1374346
215592
1236953
168201
465309
1528559
186774
1150774
149573
1447202
1305348
1315649
1323354
187398
1309778
1014868
133412
1256927
232048
1526736
1032431
16112
1522571
1037678
214858
1121153
14561
1497880
1565348
1062560
1124583
1111216
1365918
1403729
1579170
225032
341896
1016483
1522837
1116144
1265449
1284844
1343321
1554923
1204725
1211167
176014
386300
1289766
1217339
1554444
1468180
120934
1399143
1089882
1376621
110812
129318
1029725
44541
256687
1553467
1149515
1521854
1230089
1047103
1186406
1204466
14368
1291207
1320732
1063063
1553434
1026124
1559925
170747
1279391
1146544
1117447
1406281
1494064
1277231
418010
185642
1502630
515815
1343388
1250702
1069634
1462719
1379710
1441822
1045273
1554825
1306896
247218
1371891
302892
1327567
1203179
197218
222671
1456391
1445500
1414490
1043295
1108274
1460528
1448193
1037886
152996
1136773
1398649
1422181
1523157
1239938
17159
1330359
1060297
1292726
1515907
1481128
1292822
1583515
246597
359751
1029329
1588917
236599
1106243
512572
1001555
1537019
1253884
100509
13899
223699
1509937
1268850
102216
315424
1234790
160264
1113689
1525920
1459414
1128006
286680
1344603
1344996
128508
1348606
1117412
1415573
1156646
105443
19049
1419054
1253660
1532014
14252
120660
1295957
266318
132168
15284
1546566
1184362
499215
1578619
1344760
345967
1179342
117181
212211
338342
1575059
1016484
1524906
1091094
212212
1027829
1591675
1160812
1078651
1083059
1184331
1269887
1102529
1214439
198274
1164423
1352120
1110203
318077
1512486
328864
414039
1579680
1072419
1557509
1207862
1316610
1289782
349980
1483664
1289311
1232887
181575
1277431
1369860
1424788
1283169
1357196
1166837
262271
1561086
218577
1130505
239395
1502568
341637
1572944
1392037
1042425
1168490
1402198
262362
1439698
319903
1584202
1495163
1509673
1408019
1570432
1125526
1448664
1098903
1335346
1182130
1576345
1485708
13662
1173855
403732
1324898
1177626
1054656
1274916
1303981
1249663
1498097
220435
1281220
1524688
1166386
101643
1086421
1515079
1465319
273721
1404603
382021
202444
1262091
1109843
146420
1391149
1529682
223157
1411150
218292
187478
1244230
1127311
1486044
373076
1316867
1184339
1229153
221374
1538026
23673
1139461
1176572
1392167
1046685
1486005
1568196
1209279
321032
20851
1393269
108614
1473269
1338833
1124330
19449
1551265
1346281
1181576
102476
1155272
247013
1288228
1566293
1592160
1304391
1372250
202883
1495025
254022
145015
1421384
1348414
1006345
1392631
198239
1438135
404206
1484112
1387128
1085001
1164384
1572638
1586180
1130975
1450515
1405882
346843
1404284
1084573
1145137
1088625
149779
1507495
1122034
1434803
1250764
13435
1000075
1224393
11164
1514389
1130432
1064345
1474654
125302
294595
272547
1285223
1053016
1064943
308676
368096
1290452
20005
1487792
1334798
1072758
1184221
1041039
1413559
374406
1021915
1563503
1005952
38227
1196571
1300700
1530064
1310622
1376236
10233
104391
1400316
1375967
1036765
306906
1041084
1284273
1219031
1191029
1399396
1427862
204347
1017030
1231804
1157463
109824
315425
475569
284405
1145458
1179341
1523413
243649
1561933
1387023
1144219
1249528
1391401
1415051
126673
1551730
167068
1390806
1504214
1060687
1066124
188424
1164739
1442431
1433522
164275
1567427
1164767
1216675
1032479
269702
1281510
138536
1514069
1560263
1229365
1116768
137777
1248427
122938
1495162
1522822
1038674
1563582
1065768
179156
1589580
220752
1222711
1424473
1390898
137394
1432900
1211159
1353269
1360291
1196878
102504
272266
319952
170091
1491739
1484684
134495
1327236
1569504
1337650
1315597
1394657
282263
1331302
102886
1032056
1578686
1075501
139452
113675
179561
1413718
353323
1248000
1055441
1077376
1142046
280976
317543
20049
22713
1112664
269410
1003066
152594
436050
1251972
1094001
1480964
176596
1392286
1243515
1501703
1317915
1040342
161832
309948
1438079
1110571
1066212
186775
1023619
1106897
1333178
463646
1150053
1155061
171106
1528368
494703
237525
1460793
1244813
22849
1202290
124344
1305486
1311853
133619
158166
1012187
288047
1085726
118852
1027294
1037761
1588480
1222919
1051172
1403369
1117697
1133200
107949
1422749
1385876
1114545
1461661
1142722
1153979
1514092
1030454
1354175
1412088
1135949
1227122
1237547
1473219
1091208
1337310
145844
1260965
1218932
1518934
1316196
1022671
1166065
1288495
1167722
1097944
1548008
1153824
1411359
1118091
1396443
1459649
1190856
1458212
276304
1103883
1431548
1376977
1186077
1473658
1284346
1039818
1078615
144152
1408770
1175565
1532822
19016
1406280
1203069
114042
1141697
210100
1323820
1473978
1529838
1513090
1462440
1149954
1099281
1407483
1265692
1457967
1097872
1213865
1293047
123741
1218988
1515063
191629
1576026
23643
1087370
310033
1157396
119914
1103431
1574879
1393141
1009591
1220862
1170519
1533464
394987
1185417
1382420
1059872
1177794
284607
1525713
197901
1512521
263331
120890
1536011
1398125
171479
1369991
1425197
1133656
1498609
1070836
1049439
1569197
1283710
1369016
267070
1456774
279553
1045409
1246512
1239262
161851
1077268
1100238
1512520
1396173
1224342
1499265
1298745
1109841
1026145
138811
1572905
1579957
1516414
243525
1414783
1013312
1247055
1306458
1288231
1154440
20022
186630
141046
175696
260136
1452113
144456
1516362
1496260
266654
1122375
1217000
1037081
1154525
411840
1069123
1511396
131292
1521491
1225105
1085103
1080591
1164769
1053417
1369850
318603
1567783
1455062
1122488
346447
1121652
1035231
1515227
1545900
1074720
1118475
1474924
1371321
1243358
1250534
1332688
1436623
1153978
1031581
1509087
131770
174537
1008063
1435458
1157578
1059264
156000
1127534
1147199
1318356
1507385
1228369
1408020
1502206
1244437
1347813
1474574
1233439
1316359
1301394
1502382
1375677
1300900
1177127
256638
169977
259675
1468777
1066535
1515725
1477384
1162777
320716
1508449
1404604
1177126
1477960
1468776
209025
1362568
1114891
1449767
323931
1501689
1095436
1379188
1424333
107480
1374335
1351304
1504581
1285226
1088636
1347701
133433
227503
1454305
1507947
1190579
1326705
1032916
129600
1415986
1437232
1316015
314445
1309237
1235011
132047
1548123
1059478
1296673
328432
1524093
1432432
1449671
1132707
1004685
1477945
1558955
124241
1111786
1558487
1293045
1020714
1472132
119691
1488234
1245788
1013595
33167
1430195
1373410
1487668
1307876
1101854
1294282
116601
1166268
2294
200780
1112434
1424039
238370
1051156
1015207
1394154
1120360
1462661
364494
352668
1247298
1489558
1134378
317248
1097101
1347613
1167170
1022770
1538767
1481015
1225640
276699
1346540
23133
1130098
1225169
410901
1485642
1454663
195182
1206887
102357
1242849
1189352
1467830
478998
1008331
1591863
1287791
1499719
1255610
1560966
1197822
213413
1393632
1034119
1128327
1553378
204580
106115
2358
1171397
1588269
1555329
217935
1580486
196534
1047824
1438182
1070446
163088
1397785
1344519
1542677
1254087
187399
1117648
264459
1165265
1000941
1407863
61226
1591294
281974
1144841
45695
1073769
530177
1477023
1216999
1561034
266653
1574919
1506150
1276416
1066904
1372182
1117301
182954
1142863
399024
1034292
1518139
157075
1273711
1110741
1273044
1444213
14069
1386878
318658
265139
1518817
1580979
1300363
1367933
1204636
1100768
1115374
1355388
1354419
166168
1002862
1080346
165090
1188740
1227195
1536710
1585696
1031798
1519977
1152446
1030017
145928
1435007
1304167
1069169
1340529
1106974
1076145
1137226
1194839
1050613
1287296
121861
1194840
1387969
292253
1100121
118533
1491875
1308177
110615
130706
1081713
1335440
142737
1019147
1174580
1491806
1551797
1494828
1190653
1558486
313669
1510678
1258863
1148136
302181
1336966
124654
1434755
1084111
1157698
1337167
102613
170341
1341149
1357384
1036813
1051585
1568429
1270629
1419430
1312630
1405171
1571690
1423235
1191441
115190
1456971
1516720
1141541
1345353
229471
1003433
189265
1218022
30149
1519594
1232159
1297095
1458431
1279154
1260976
1125534
1485616
1479756
1561853
139543
1471789
247481
1327369
1390999
1288359
214185
128381
1300610
224637
1319580
169069
1242296
1513595
1098333
26572
1344416
1006190
232941
1019270
16838
1120109
1375479
1129718
1538918
1568231
1135576
1450903
43402
1115560
1112383
1175085
1563380
29676
1092669
1241794
161587
1389006
159883
518765
135575
1413966
1053830
1018075
1468916
1176442
1554036
1127227
157836
156246
1079478
1103884
124869
1051014
1155226
1028933
264718
1015455
1536107
1117763
1590959
1407319
1429241
1336908
1481165
1059620
1464935
206491
1482299
1178579
1378322
1493145
1047394
271833
1309236
1114543
1288750
112037
1120247
1006516
1166913
1480092
1544532
1151562
1300791
205169
1158660
232920
1144220
1457559
1396606
1361107
1533013
1390019
1565626
1172074
197893
1152009
1433693
330437
1452904
1226524
146357
21700
1002239
1140862
1521401
150369
1255820
1477218
1097636
1504682
1526429
253782
1048271
1115360
1560051
223405
1157898
1183627
1413220
581055
1559960
141057
1079721
1327725
1184200
1099136
1462307
1369853
1452960
336076
1175487
1402876
398423
188951
373747
1278534
1260586
1096393
1276817
252746
1389294
1487340
1308759
1088853
1387795
1308741
1187177
1424748
1102236
1201860
303510
1118373
127218
1114118
14956
169236
292032
1082792
1030531
392342
1078146
1190638
1529102
1179765
1530393
1542343
1527539
1529984
1162253
260133
1182470
1551976
246344
1218646
1190419
290942
1231314
1272068
180128
144615
1115557
1377420
1073897
1381385
1454304
1140503
121510
466992
1087821
1287107
127217
1573576
1319634
1144523
1429636
1000077
1021482
1570933
1074789
243568
161933
1056253
1210621
1262608
1160076
1244379
184656
1176726
224708
1433556
1520049
1115016
107664
1438751
1184859
1243296
1487910
234219
1164385
1003351
130164
1387151
1003048
1534671
1522624
1071143
155985
1150261
326914
1558198
1355084
13097
1499965
1547849
1256089
135132
232237
1283837
1273194
191396
1166238
1493635
237361
1420195
1499014
1470182
1010376
1058569
154211
1279530
1299257
1452345
109963
1356578
1246395
1236131
1275957
153684
1541364
1285740
1322245
1414532
1029283
1424877
1008728
1074008
1211112
1152508
1211111
1048470
1154526
1251390
1014130
1309345
1237055
1235688
160286
1416399
1012310
1051777
1177997
1543892
145932
1366584
230368
1365614
137616
158530
1199197
1030887
1405407
1096777
1207570
1512725
1545379
1353526
28148
123050
1041444
379361
494702
1563037
1284215
106481
1330871
1390920
1160028
1538597
1013303
332192
1562576
1261286
212687
1427333
1050881
1514079
137960
1210765
1171987
1054881
1193408
382561
1302141
1309777
1453402
117763
1484173
1222107
180581
1157311
1497154
1052278
1522106
240695
418403
1358559
1212330
1189263
1499969
1099222
1266357
1522220
1499015
1171523
1305764
1315141
23701
1440611
560900
235326
1299258
351608
1117504
1036366
1258155
1077761
1122274
1124843
1347612
242272
1076915
160225
174147
113629
1207936
1250553
242151
1538225
1591933
1554265
1449958
1439696
1497516
1443545
1241676
212280
1120764
1151429
1389620
1119836
1585359
1336804
138187
158531
145927
188783
1128643
296202
1034627
1230151
1107584
1275725
1534521
1511395
1486244
306412
1090610
395061
1498669
1329143
1324355
1395832
1099291
305478
281973
1182056
1121894
124048
117499
1568626
1142776
1463727
1276337
1041461
1288818
1085437
1187876
1563475
1442589
148383
149684
236627
1292719
1590529
1425752
1239656
142173
461783
1382171
1466703
1405309
1265665
1210242
295702
1058986
170537
271096
1018508
466057
1410831
1004508
360622
1020252
1303140
1450169
1271447
1309983
1381178
108349
344898
1264163
176547
1077116
1516050
1533067
1227123
1153372
229150
250530
1251051
216734
1530182
180288
1468746
1025208
11152
215112
273642
1055983
1268752
1389337
1443315
1203347
1080541
1550519
1118263
1151497
1157380
1319007
1224035
1344833
1228303
1413947
1040783
1096081
1095547
1473236
1464445
104345
418349
1247612
1136167
1319022
1151528
1106192
1349892
1385049
112510
1458022
1160063
24879
1401629
173636
1009720
116852
1092157
1148774
1064193
1167924
290065
1569448
347830
168371
450350
1524187
1270147
1055053
1089163
346848
1474647
1398847
1447290
1307174
1393409
1272772
307188
1186705
1026945
119232
1135136
1016716
1137516
1183260
1145839
1093759
1321416
1298809
1593028
1354298
1410084
1363642
141001
103792
1158242
1533341
1432564
1186287
1115058
1400984
219283
1156546
1433760
1552075
1215755
157537
1043029
1500599
222065
1249536
368789
1098520
1553094
1466182
1320779
1504134
1575480
1074778
179928
18562
1370401
1563023
1036407
338232
1473082
144841
112660
1556271
1341297
1025534
1338676
1486596
1132719
1428931
1285388
1016188
1043854
1368419
1388411
1072207
1409423
224743
1016244
1143784
1443864
1223274
1556353
1352996
1436427
144681
110725
1071506
1504683
1124627
199931
1423233
1273971
304718
216882
194330
136541
183291
1417935
1183030
1009721
249440
1016903
200335
1105727
1209178
1448795
1110157
1272720
1100468
163384
1137716
1016245
495654
1272250
1011973
1406017
269833
1486838
1137717
1325075
1212870
1188117
1311655
320088
1426343
519420
1318724
154118
1161209
1070652
1547767
1064657
170248
1378752
1424889
35972
1461127
1178982
1210241
310363
1116859
1497926
1593065
1471976
194002
1048771
1416712
1195992
1075372
1306146
252656
1513181
1108579
1031830
1565982
1310674
1332541
1297186
1282764
114598
1215105
161602
348609
130026
1564540
1047324
1372386
1216462
1129882
1460345
228137
1350273
1498466
1200683
1150416
272388
1266529
1478062
1058377
1341306
1080164
1502486
1164424
1078544
1202720
248626
1017307
1101641
135614
1577548
132185
1499949
1087629
1162776
140223
1001692
1169423
1306757
136757
1530434
1369832
135500
1352942
1039984
1274754
1142742
1285203
1336700
310786
257553
1314533
1212999
118862
1051670
1177806
1252446
1314771
214095
1444480
372888
374974
1396917
233965
1405294
1308465
192533
1274131
1536554
1437824
1523421
1164146
1050384
1072854
1439021
1577942
1562563
135866
1305492
1181233
1418363
1353607
1421941
1537013
1212129
1196333
1309004
157057
1276417
649987
1567784
1089577
108272
217842
1556338
1555273
1498004
1333999
1296326
188491
1117613
1252098
179695
1525383
1150446
1009942
1396735
1079464
1001109
1447070
1053121
1426146
134299
1333966
1491740
1485982
1043358
1311406
1539415
1221676
1006130
1275561
1269818
264348
184002
1444223
273400
136218
1272566
1462128
1136420
1574914
1206719
1034535
1107884
1524397
1377046
114371
1402597
1489542
1258443
1367060
1029579
1279236
1372365
1501030
1202390
261
239187
1589034
1210163
1319195
118529
249725
1285275
1432034
1167592
1560319
1497729
1143069
1544583
338707
172036
173874
14033
1465349
164786
190487
1493256
1514149
1326168
1171138
1149120
295096
204043
1515433
1367975
1031620
1467534
1395580
1376060
1219283
376989
1135869
1435388
1390068
114505
1582534
1162313
1192075
1263541
1064423
1008619
1120563
1296514
11511
384838
1171409
1122893
1054404
1158940
170433
1510144
1556084
1062980
1582905
1259529
1438590
101041
1393284
1143690
1542336
1210663
1317442
124768
301196
312014
1105474
1503660
1219411
1142560
1098233
130266
1143681
1166170
118912
137413
183942
1253384
204943
242828
1583136
1360643
1488899
1168496
1573729
1048467
1522711
430512
1350614
1148864
152641
1284958
1021951
1387006
255654
1058570
1463814
1032413
1330407
1334107
1378573
1036056
1032965
1031751
1400290
1571988
1277593
1393979
1228021
1249638
375306
1294750
1108011
217913
1050693
1005213
1031736
1072659
1330569
247755
1465289
1321015
299474
1159485
1539844
297575
155322
1482159
1352408
170510
209169
1145056
1348311
1216221
1460259
1535790
1540805
1003493
1034803
262836
1361776
1208200
1233959
1169959
1238223
1196574
1209537
1265473
1523116
116918
1408018
188503
1365694
1137037
1282763
1024400
1510584
1063244
1419198
1178703
1008352
1070835
1161728
1166348
1087299
1463445
1382561
1532441
185909
1111053
1586094
1542709
373515
1120002
1571619
156335
133921
1160466
11774
1474606
1281443
1570201
339053
1422453
1122170
1038222
1045592
446598
215843
405152
1136607
1055222
264866
1231862
1291871
253672
1021480
263603
1268185
177729
407543
1490927
1538958
1116162
1079780
1453825
1291114
1199815
165661
1377856
1138948
420818
1027284
1438941
1300525
1248743
1309484
1238066
1428370
1568627
1076997
1503967
1138835
1345365
115556
1530383
1382836
1555469
189054
1328792
1060197
1576479
145510
1296907
1343538
1005550
1123553
198597
1568342
1312665
1464351
1559362
1427961
1065559
1081915
1511773
1400939
1393980
219396
1078831
1180705
1490033
1483516
1204565
1161849
1508217
1371567
1241028
1053297
215219
1466944
1079493
1109842
1002405
1261944
1114712
11638
1565347
1278295
1025628
1052662
1576127
1456800
380085
45694
213025
200189
1390431
214019
1169262
1046742
1503796
208852
1171228
1122250
1361004
1544136
1284642
1165942
1136741
1479841
1004710
1235335
1315456
1040058
1204037
17385
292739
1135951
1009096
1492327
1265434
1093270
1311914
1143151
1486039
1321221
1093903
1073656
272000
1029284
189379
1408341
1563110
1230654
1250220
1156708
1481462
1012023
1197804
1466536
1580698
1402360
1096768
18940
390501
1380293
1284641
1253677
231040
190556
1066625
165660
331783
1036188
1551835
1434681
383854
1378603
1273179
22408
1038708
156982
1491974
306630
1442278
1332450
1294227
1035919
1215948
113932
19269
1202719
1437512
1167664
1214223
1060293
1079936
1112415
1498441
1162725
1478104
103718
1445925
142172
159694
119617
1003999
1299516
1431685
1009429
1119992
1055832
106850
1339904
1125822
1495096
1548259
1081430
1352490
1464292
1169621
1250266
1429325
1338795
1521130
1383083
1576481
217478
225654
1367263
153792
1199429
1367056
1241065
1083959
1158402
165563
1451259
1301821
1253448
130462
137384
1097643
1108135
1257908
1356004
1531151
1182005
1463825
146142
1117099
1349825
1336987
1570635
1552206
1312862
1420182
113965
1380195
1222569
1557968
1090689
1561963
1490789
20280
1454884
113836
205367
1238388
1226825
1324824
274497
224680
1547724
124715
1183858
1331123
1394800
1438959
1407518
1355760
1440635
1188854
1136606
1000783
1132435
1049291
1288134
1127846
113966
308429
1514560
1225652
1448792
1508124
1350142
1262975
1174015
1193369
14507
35555
1302302
362158
1114877
325277
1584134
1032412
1092917
1578394
1535662
130387
1257162
1223730
1309687
1527347
1360411
1544478
228471
289676
1030532
1549400
11881
302461
115126
1337287
1483186
1521202
1146712
1036136
259586
337067
1371266
1431686
1516576
1220366
144787
1307997
433839
1277715
1001977
1247364
210975
450351
146407
268574
1185766
1494650
1000995
1468368
1048987
1385311
49501
1204726
145554
1235401
1047248
1016856
117281
1067371
1425970
186468
1289139
1421225
1380952
1590508
1475938
1383279
1116631
1105190
217199
1300133
1474853
1003352
1028154
1373055
39448
371354
18600
1102612
1493731
185191
110523
12448
1345744
1120967
1364034
132166
510376
1215776
1591862
1093585
1322923
1313837
1242295
398538
1565980
203302
117613
1321721
1154191
332300
1270894
1244116
1362594
1018999
1450610
1313817
1573473
1299440
1138289
1170939
183229
1502613
1141607
240285
290104
1042130
1259908
1235976
1241956
1511294
1166278
1045660
1426725
1040685
251727
1551882
115041
1085336
188696
1379842
1276855
1508966
267757
156908
1060522
1040686
1078486
145275
208978
1005589
1230144
1202391
1141432
1042132
1113343
1483999
18050
137986
1018334
1378989
1292269
164139
1476484
1109152
126161
1255591
1152883
217032
309897
1093381
1080416
1051481
1094807
1370237
169367
1302743
1202772
1453987
1556933
1177795
309877
1531851
224787
1175175
114889
1539864
1080665
1081753
221348
1363516
1123236
1352106
1458665
119577
1478037
1371753
1081354
1137517
1558552
1189666
226726
1304610
1018190
1415378
1347015
327985
1548633
1140577
1338832
1059202
1580660
1018544
312681
320670
1000823
1043855
1579393
255066
1567514
361960
19912
1581579
1077144
1352755
1445479
1216157
1143299
1346572
174650
1238905
1103927
279094
1502855
1193162
1259011
1409717
14581
1187708
1470756
1304381
1057340
1402598
1165496
1475270
251838
1511283
1315393
1005769
115173
1162376
1487945
256883
1180293
1571658
1166779
1395379
1454118
1333804
1183473
1405099
1150595
1009125
147172
1454355
1274371
196898
1011835
267420
1436300
1030126
1324195
212919
1303746
1359191
1567058
1501690
1262310
1142559
1516219
1550627
1376180
156277
301197
1371761
205656
1130427
1456562
1383316
1519000
1156281
1190744
1254862
1575328
1187160
178417
1087158
1424063
1143691
1136890
15205
1577566
1240392
1376087
107042
136228
1132530
254223
268008
1458857
1404897
1139414
1231140
1209297
1448907
1221066
133076
1579637
1572779
1052204
1576714
1464148
1380087
1461190
104712
1208239
1065502
1455523
1003998
1228344
1117325
1076575
1412945
332107
1248944
1135952
1380056
1126440
1500143
1523317
100017
1128477
1188146
1458705
1577524
1075327
1345918
1189658
1143673
1351849
1000954
1402921
1591743
1041704
1431460
1162554
150328
19551
406315
115363
1434471
1362245
1226225
1467169
1129106
1322725
433191
1333017
1541557
182789
1097347
201935
1492082
1395000
1082213
1129014
1539630
1079465
1247692
1343539
1132904
154641
334491
1058892
1493712
1216059
269368
1446505
1438841
1034235
1430809
220008
1408508
1156545
258906
1244745
1574277
1055802
1258444
193430
1197726
1313625
216670
150647
1508970
1128364
1555297
1115461
174395
219455
191675
1395743
1127189
1558554
121041
1413221
1272430
119231
1750
468610
1479924
419918
151629
1432111
1143971
1381582
191488
1463819
1164430
1539162
1398673
1136664
1213755
1107188
145014
236014
1145840
1510374
104390
1183036
255938
1002761
244735
1197676
193259
1038245
1485252
1126862
1371750
1388623
1433738
209716
1563365
1060979
1272719
1478714
1035004
1075591
295523
1430572
1497657
1210169
1356680
1125490
1075348
1465553
1332296
288231
1495129
1136551
1413565
1495131
1588029
1451412
273754
1257144
120351
1036641
1365815
150066
1508649
324820
1079935
147730
1551468
1531340
1250949
109121
1115317
1507829
1536774
1478731
262902
1221820
1014883
1472387
1503498
265008
203360
1453760
1390371
1239436
1302543
156385
19368
1193228
309494
282268
224178
1134351
1455668
1353763
1274675
1179611
1243698
1376885
107964
1135950
1184009
1279498
125139
126577
295141
1319008
1073121
1386781
1016538
1408595
1569503
1536709
263368
1051301
1384147
104600
1031829
1365193
1332601
1291849
1513644
161850
1454354
1415561
1205457
145843
1003666
1093368
1082287
1030298
280543
1510910
1295742
150067
1580930
1139226
1084516
1532142
129015
140714
384155
1179610
1365498
1291850
281381
506683
1549252
1244938
1328812
1083551
1574737
1526510
153529
22277
178482
1377977
1573574
1515443
166762
1050319
1220407
1147379
125604
1094197
1040991
239913
1162182
1084114
1507426
1108414
1307568
129816
1136726
1303718
1390035
1441282
1472053
10126
1260535
1403624
1468109
1471784
1295415
1102593
1172037
1569796
1395938
1582307
15488
1002760
1410409
1341037
1057743
1568491
1539343
1125693
1250634
1049599
1389452
1123315
1520360
1536140
1142788
1592280
1052001
1256035
258814
133579
1152697
1584932
1088592
1054496
157305
318296
273248
1577734
1225219
1450423
1279313
1389254
1216365
314242
1109485
1134449
1189665
1030746
1179832
1340454
428425
1544265
1059297
1082279
1422265
1432230
1220621
153555
398196
1360504
1553724
1385166
152792
1495478
1451096
239699
1434493
1067366
1480087
1229232
1072159
1243934
1552627
1400938
1220490
1139049
1422496
1390823
1506394
1358690
389972
1040117
302882
398892
175071
1380958
18689
1371490
1110948
1517057
1453790
1492731
119495
1090688
1312734
1312731
1411661
319598
155493
1459796
312244
373665
1051346
146141
1284033
1420859
1248291
1427165
1593397
1477079
1096776
1149432
129648
1063023
1301899
1448791
1138354
1276954
1122894
1195047
1543457
29094
1327905
1013113
1251345
1182014
1250824
1427402
1377326
1346692
137412
1000671
1353332
1576196
1591681
1016509
476121
1262781
1139361
1146372
1277038
262770
1229390
1374543
1009097
1427901
1482868
1358174
1297040
1485707
1071627
1166277
104711
112769
131829
1129682
462639
1041830
1430109
1334835
1170031
1479341
1428218
1079342
1133996
1129561
1474074
1296178
245892
1087532
1302297
110405
122143
1265900
355656
265297
1004032
1489774
386286
1260529
407003
1178935
1112230
178614
1497359
176462
1137613
1043922
1317131
22132
1321082
109485
1098222
143153
1281748
201064
164140
1004915
1096009
1593002
28625
1506271
1184452
191203
1014527
264083
1295743
1327632
1118262
1360325
