1181180
1117264
1523911
1143554
1163909
177363
170449
1143555
1173020
1103589
1201850
1511784
1361038
1488067
1532028
1372647
1156256
1084936
1500690
1190410
1043562
1466321
361191
206220
1553934
1564506
1000053
313663
1093623
1490207
1161447
1335897
1421752
1152363
1202990
106327
1366579
1086333
575501
1214303
1151448
1454194
1105489
1190200
1514827
1263942
1117035
1205985
131978
1141197
1144399
1400328
1238529
1439042
1173021
1314846
129348
1070494
1052402
1232526
209447
1107381
1521791
1123408
1135072
1493733
197183
50364
1400656
1059871
1099327
1480389
1552119
1217390
1147452
1329542
352942
1573948
1268347
1400329
1360192
1565174
1061817
1394292
1077197
1344088
159072
1136708
1148945
1511783
309500
177364
160496
1313933
251202
1100928
284131
1506484
1374703
1299264
1064425
1012029
1462292
1517436
1548149
183538
1000868
126592
1017549
1267291
1091473
1503631
1390815
113474
1064886
1507558
1012223
145216
1323738
1565851
1192690
228731
168581
1153917
381139
1453397
1137203
1304705
1154518
1542483
1487731
1185066
1123818
1418434
1100625
1432817
1037900
1400121
1553933
1499429
1547424
1495285
1274015
1339342
1432180
1383183
1274016
1228211
1407737
1406555
1408641
1453398
1164310
1161698
1209402
1051238
1209403
1461423
1500968
1580024
1341532
269274
1473664
169825
235405
1271674
1169229
1053888
1560069
1283998
1093624
1107277
251828
346687
1313363
358443
1341531
272993
1052368
1377870
1500967
1155158
1376308
211230
1268348
1043630
1137202
1279079
1570106
1030414
142221
1287233
1450107
1011583
1072763
1007291
1228802
1390760
1360376
1117539
1560068
1028096
1194708
1256770
1407736
1353079
1511173
1470259
298625
1377686
1433889
1339742
1196528
1547685
1256688
1217391
1142447
1284478
1072761
1469435
1277392
11057
1029548
1499430
1169990
1160032
1144398
1540631
1203036
1518234
1152218
1162674
1347481
1420502
1192745
139625
1499756
513923
1222521
279830
232434
155246
1442408
1531688
1364846
1402003
1088375
1480388
1552460
309179
124568
1066486
1333265
1277273
182485
1059870
1549614
225467
1237328
1277272
1564276
123310
1083945
150903
1128066
1069429
1233536
1101980
502990
1242104
1483567
1033292
1581498
169617
1110496
40044
1171492
1383062
1400655
1107382
1579504
1317317
393704
1335898
1483915
1167986
1569695
1113452
138115
324816
1541291
1003215
1316360
1414953
1083946
238073
1322778
1450828
1556239
1439658
1173688
1089404
1446491
1191680
1365373
1476925
1466787
166851
262599
1188393
1190714
1502312
157692
1524066
235682
1528819
1137109
1286225
156891
1107377
391295
1178765
1293781
1316484
339725
1520968
1182480
156250
130302
1572955
235681
302139
1360375
275487
101883
1293155
1196527
1454922
176215
1020931
1134611
216434
295743
1329211
130301
1008007
1393424
359417
1380335
23224
220086
1510490
580980
291397
1552545
1253223
1414233
1418920
1220805
1249951
232526
1081454
170664
1179814
1334918
1359498
1179550
1253111
380746
1178847
1495067
1072383
297060
1470479
1509759
273748
1425833
1325314
1269759
1250299
1443804
1529846
234260
1158279
293874
202916
1534292
253441
1526166
1082503
1015056
1470767
1173687
1383125
171619
50363
1476182
1113817
1376352
1187912
1228749
1403498
1456743
169616
1468836
1585348
1187162
150519
1414338
1073946
1189906
1555330
355226
1297549
1188020
1418477
138116
1101709
1454112
1503630
133073
1077741
1269754
1519991
1334917
1232527
264284
1171951
1321975
1046134
133074
177362
198171
1469837
1502125
1407909
1256832
1145347
1266876
232991
1183432
1217930
1112251
1158280
1467026
1386777
150266
1331999
237853
274845
141382
1507178
1502769
1365031
1382216
1205816
1091374
123309
1503814
366114
1260480
122698
1410307
1232185
1161387
1498168
1442674
1307456
1160919
1440848
193609
1520969
141383
233788
1521161
424399
454745
1514596
1137922
1313419
1182479
1102705
1570105
1334484
1393423
1216027
1142261
1470143
1060662
235967
1288333
1104311
1587917
289519
1059433
1004642
1408399
1005141
1005815
1502697
1162326
1031179
1493831
1182414
148814
1167382
1007238
1335446
1134610
1323392
1502770
1140451
1309740
251762
1521160
1045240
105974
1480156
1454113
1171950
1539208
1077740
1015057
1525715
195991
264976
1556553
1172625
113132
1193274
238784
1071397
312118
1091834
313719
1307685
1557802
115461
1548599
115460
175626
1072384
1583017
138007
1584694
1066742
1004743
1356673
138311
164886
1270242
471837
1211959
1235989
1406306
1097193
1208150
1010675
1185625
1290383
1294298
1427051
1302136
1402004
1134393
1046533
1502548
1036088
1280740
1414954
1391975
1300496
156457
1089402
1175429
1526181
1481106
1145348
1568890
171282
337457
280366
1211427
1462207
1493236
1512721
1442277
218488
1028915
1475277
1102978
1502573
1103882
1502696
1087146
255295
1158525
1410730
1336723
1448069
1270992
1058044
1037901
1458217
1411091
1227819
279019
1240591
14384
1454616
1097908
1480353
1112897
1502993
103091
1006648
1389395
1442081
1380693
1401287
1384743
1171830
274103
1121493
1415815
1447628
1285256
1345783
1470687
1506945
238359
1427436
1188267
452702
167190
1398975
206698
1428632
35782
1112018
1042411
1255001
498344
1511815
1514110
171521
1458261
1079423
453643
1337922
1009401
1345943
1420609
1403058
1031481
1175068
1214087
1354860
135931
1395046
1403124
1350857
19885
1245524
1424483
1519992
1539209
524868
1423510
1505946
1274387
1418476
1147741
142766
1094236
1518235
362290
1013516
1264273
1036798
1196377
1036036
1398946
202338
166726
148455
1461010
1046534
1188209
1171078
1302636
1331729
1049866
1437318
1316488
1250298
104900
1435122
1143108
1182415
1532912
1113451
1547344
1526847
1203511
104657
1487781
1485184
1134922
1217929
1028436
1363997
1405048
169010
227144
101692
1557080
165663
1276080
1115344
1493403
1581840
1592774
149132
1036682
293599
378159
191960
138135
1517738
1488973
1403499
1548401
222801
1329154
1152438
1365740
108834
1466374
1069124
1505684
1309135
1194779
169011
1393582
401363
1123245
142670
1009935
1173523
236630
12919
1200450
206660
1065828
1132409
1033316
102709
1427235
1164632
157001
1480385
1171867
1528585
1130800
3215
1298746
1122581
1355038
1171759
166155
1408382
1176083
180521
1080276
1103075
1136245
1481024
213911
280915
184487
274133
1538642
1360570
1510318
1121727
204139
374143
123099
1494364
1202756
1468341
1158925
1229256
1191889
1083278
1387442
1549666
183888
1203051
1130439
1567821
183205
1046330
1240650
1159169
1176039
1018637
144450
125527
1552546
161079
214938
1130861
1097907
106082
1590801
1537895
1448021
25030
193610
1523268
1204157
1184574
1547068
1120850
133785
331956
1038148
141887
1053698
102270
1370400
1359740
320047
150608
318549
163762
133075
1543875
1137921
1144907
236
1160851
30258
1214623
1564655
1069386
1403996
1280754
275011
1076811
1202755
1005494
1176038
1470858
289962
1584396
1524791
1403564
1400630
1494865
1270290
178751
1155049
1377702
1054016
1490631
1157484
1512770
103203
1004102
1366955
1550749
409737
1137504
21715
101668
237763
269778
1002450
1088182
1273540
215176
143842
373772
249675
1245997
1434449
1158237
31173
1151006
1062178
270951
1140999
1561273
1267800
105842
1090678
1469470
215557
1585347
1094606
1340040
1536213
1502293
1017461
1568203
1142784
386849
1159722
1531224
1184758
1560689
1572287
1127744
1332059
1353243
1366978
220442
1190243
1567342
1278011
1226647
248980
1556658
1560993
325714
193191
375091
1347598
1301968
1169368
1140355
238376
1219786
1127741
1027038
1427335
1464003
1526469
1263954
1339238
1126439
430822
1203600
1339484
1117222
1220256
1050809
1314398
261944
1185318
1424404
1401040
1529798
1166682
332589
1338477
1535848
1016511
1539136
1279576
1347875
165773
1360109
1096074
139837
1346775
1405116
1502357
10378
1514159
1041071
1570293
1126438
242229
1428220
1269346
1475278
1269044
211586
1552544
173764
1188846
1392892
1185100
112717
1382883
1581792
165405
1143815
1414234
333710
1204840
1496912
155679
1543621
1552668
220913
1454859
156749
1260499
240057
1010275
1010073
29391
1567498
1375146
1394073
1103881
1286936
296585
1250093
1367760
1193596
1314914
1559065
1400001
1097751
1126944
1561946
1089524
275349
1184397
1349194
1007237
1020081
213181
1383561
371663
1010955
256294
1480384
262654
1543876
216555
1234998
187493
1426276
1187808
1020932
1081023
28431
20021
1407072
1391853
1414622
1268670
194619
1053780
1142454
1112338
1390094
1220435
275488
1582591
209751
128281
1556659
1395261
1219785
1420160
1211767
285293
1507070
1328178
1187930
1394166
1085416
1310979
245909
1537212
1021866
226377
1051332
126548
1552305
256176
1360750
214380
1461595
1571008
1532834
1055212
1130616
186777
1044845
109954
1356304
131124
1522742
1270993
1123034
153910
1482756
1045790
135209
1259814
1439327
1493989
1036396
1406309
1425143
1237645
156026
1132822
176299
2410
1147248
1515814
180822
1135073
1235988
1444574
1331728
1507547
1016622
1361273
1179272
127995
221544
214379
1419984
1198705
1592494
1540677
218376
1254697
1451145
1133326
1194539
1358975
1339464
1031714
1374780
368103
1110354
1258411
1504867
1231626
297916
1306290
1348148
1098006
1240345
1495442
1125775
191673
278324
1380963
1110481
1102883
1207259
1004744
1346347
1520216
382654
1005297
1216847
1529959
1468886
1004177
299520
1171866
258978
1135764
1106474
1234257
1424245
1114024
257823
1432919
158864
1035233
1112678
1268604
1406830
1552667
203392
1549199
1547651
1049349
1388427
1267582
1435169
1346228
1496960
1474939
1213979
1320630
1185299
1388084
147731
1132264
1343074
1125919
1381660
451938
128606
1329529
149565
1534391
1449714
1585637
1164593
141385
197552
1577527
150609
1334076
1017900
1299166
1449306
29693
1492140
146715
1247110
1277757
1229578
261450
1441610
1240649
1143348
1495039
1056261
1333572
1426353
1533220
1292772
258233
126690
1511982
1340810
1063461
403440
271692
1161898
1322620
1403443
1497473
1088767
1363634
1208947
1543005
1319943
148813
1505357
113988
1227699
1130896
1374814
1539210
1242637
1259487
1368446
1521631
1057285
1382882
1517196
1415814
1132699
1234274
356235
1330930
125025
1240235
1343459
348698
1507016
668679
1105136
1031552
1462884
1030279
1452703
1592986
1558870
1192004
1172103
1186008
1067272
241483
1089401
1369004
1088894
1165829
144078
1059840
1409285
1250812
1036571
1287783
1171077
1008903
1341677
1258984
1507367
1550203
1519703
169809
1420354
1483911
510447
1359930
1129148
1419531
1541075
1062869
1276147
226282
274872
204414
1290805
1441917
1073945
1016379
405281
292334
1301967
27235
1057727
1001218
215593
1397680
1016623
208854
1085417
1152476
1063283
1245046
1086031
1341961
1015567
1030398
1054674
1054214
1096189
1464123
15054
1467417
1127746
1486098
1573706
1304941
1481032
1450162
1468670
1529392
210854
1158800
215175
1360290
1100630
28823
1480387
1457680
1271354
1114717
131369
1517717
344091
1094177
1053560
1349227
1533774
1137919
1456576
1159115
1469061
1480325
1074565
1516938
1217005
1390196
226066
1502916
1345716
1356251
197488
1363002
1468669
1363757
181701
225589
1336746
1090206
1557098
143464
1418695
1573373
1469469
1488225
412838
1327332
1147865
1004146
1350307
117141
1536139
1113631
1282279
1591785
1213002
1313062
1501094
1168041
104658
1194908
1176409
1515955
343975
1351528
1444770
1429399
1415905
1175095
1094255
1219379
1043165
1559144
1491984
221337
1420355
126730
154642
1128160
1226648
1540791
1050810
1341315
1414402
279593
1536952
1319718
237932
1441536
1034796
1274446
1114089
1026915
1269945
1410059
166966
17234
1394148
126358
1293336
225459
122697
1494115
439237
297311
274903
1177140
375468
1111078
223059
1052549
1507348
241038
121144
1366767
344360
1324981
1039384
19196
1331998
1576628
1535847
1428293
1378378
231955
1415904
149293
1337470
1299741
1140354
21933
1253886
1017193
1123407
207633
123228
1492372
1420110
1297391
1267290
1554929
1343364
1457906
1485339
1114025
1271675
13262
1041101
1190044
1017217
1200170
22916
1235700
1079422
1342113
1512719
1145403
1336473
226219
1359248
236713
167070
1284180
239756
416519
12109
1453295
1506270
1503711
1495934
1336601
1348155
1257035
1467091
207744
1022078
1265135
1220531
1048922
1168890
117195
1298997
1035089
1069836
1257034
1517141
1564168
385213
244356
1204817
1592272
1403994
1384932
1524468
1140801
1091234
1403403
1498408
1160015
1023588
1089594
273
300925
1311869
1396321
109245
216554
1487520
1137920
1309388
1416117
1063285
1162766
302716
1052166
253688
1513046
1506708
1055211
1587153
205639
1007489
1184637
1384065
1309085
1213496
1072762
1151010
1124281
10383
1367927
280914
1510317
1085059
1168295
1314634
1056232
1100629
1252046
1348625
1085872
1418212
1545203
1228674
1158643
1226951
1040235
1446124
1423034
666701
1220189
1282815
1523638
1450270
145526
1006182
1086762
196328
344900
135248
1396359
1356319
1559757
1579064
198637
1492289
1469277
160545
1567064
1446281
177433
1293209
1046215
1343363
1573769
1529845
1356788
73013
1545387
1311920
1243479
230703
134283
192963
163530
418156
1263433
328409
1579810
246666
1358648
1067271
1095198
1151496
1276178
1235706
1386139
142765
1201287
1118807
212834
1496624
1077460
1260369
1320975
229636
327681
1256240
149758
1104568
1145312
1229026
283793
1233962
1243078
1276965
1580388
1531225
1156014
142237
1353742
1157026
1078694
1410820
1168523
1283390
1537712
1036442
183964
1209119
1492516
1159596
181234
1221934
1528523
1337270
1038049
1105756
1410995
443639
352722
1545063
1064452
1172181
1298144
188454
135669
1049391
1500239
1039383
1244090
146764
1494265
463901
389499
1235987
260938
206659
22209
1500580
1076392
1234038
1106390
361982
1041098
206726
1524
1351622
187341
1252044
179640
263041
111134
1422843
1054750
1017751
1379991
1157478
21866
1202153
1199355
1365959
1255601
1579395
1308970
1554167
266659
1259308
1173060
1056497
168684
1056018
212293
1143503
1023542
1187542
1199885
1373506
1443425
1487932
1478950
1036570
1527986
1563987
1137317
1090493
19886
1087897
1194172
102045
1089729
12824
1095602
147464
1091873
1157025
1289200
1337471
1525048
1080919
223628
238937
1393606
166031
1329071
1060525
1247019
122758
1422808
1274743
1521886
1173522
302825
1029811
1311689
1489946
1434330
1124578
1354841
1370550
1413407
125526
1027565
1094933
146985
1330678
1401652
310097
135767
1405596
1389393
122291
232789
1183907
1538281
1135052
1159982
165301
167842
1152362
345033
1217437
1399580
1161570
1336600
225090
1268605
1025649
1536432
1545791
1060465
1114088
1391014
1313286
1401653
1320724
1065504
1548895
1584801
136713
1324430
142544
1212178
1272740
1392415
1423945
143265
1479551
1004745
216123
116126
1103788
1454084
107101
1365660
1176048
1567123
278997
1158653
1093060
1434331
1437302
1098526
1131270
16708
1274615
1017271
229548
1304076
1263941
1061676
1087521
1150064
1392590
1225758
1438638
1280131
1134678
1415816
1060524
1098527
1538274
1479596
1348624
1468698
221220
161362
1262851
1552705
261062
1459907
1386899
1451500
1396642
1099777
1138805
1251596
1500367
1290154
1203178
1263712
1144081
1109552
1090355
1346227
2379
1360223
1226997
1022385
1061683
103446
1467662
1392488
265752
1234842
1374613
1242919
156025
1049921
1117107
139198
394048
1306104
1167985
1513888
1323528
150632
1323646
1299278
1331130
1099857
1257098
1390814
1229976
1071251
1217148
161126
1242603
1389367
1560137
206944
1060956
1230036
1466760
1152839
1202126
1143258
1371390
1317029
1271353
218089
1118041
1181111
1044652
1550705
1270639
1429304
117447
1586378
1121564
1245755
1250937
1490821
1177629
140331
1276146
1066657
122975
102317
1045574
1001967
1549467
1200505
1052935
1125308
1318264
1083046
1581163
1059841
285040
460453
1553000
1222251
1063089
238111
1409088
1184302
1276160
289952
1527540
1321410
1085945
1306304
1390479
1315024
1127745
1152821
1420109
1273959
117299
158537
17742
1436093
1321604
1592291
285890
1063572
461400
1528573
1540551
1107099
1110283
1505360
1346915
1174746
146627
118607
1340078
1449072
1055276
35783
374389
16709
1340636
1589005
283785
1240560
140490
1189995
1316369
1462028
1314984
1269404
1160933
136958
1424888
1129327
1103519
1205162
1354219
1464130
1418377
1181813
1069162
1425783
1242324
1204874
1142581
1499650
441025
1030547
1278062
1484184
1297515
1394324
1055851
416034
1181122
1113374
163261
1383220
1401440
214256
1294300
1139131
1148725
1316037
1001718
1113375
1188165
45324
1065290
1400527
1005495
1315378
1328674
1107567
1038010
566015
1303588
1076165
1283154
136335
1547674
1498508
1565774
1430839
1131836
1192473
1467092
207825
1510161
1491218
1313645
1459906
144866
1116413
1464046
1274350
118911
1006195
1076567
1437127
1587758
1372959
1057345
1366264
1428657
1096421
1416842
1171556
1168362
1103557
1357055
1041421
1426922
1115313
1374124
1126829
1475600
1374380
1448676
1528987
243492
1173804
1345559
1548561
1425871
342486
1117716
1366909
1311083
1188092
1442951
1433605
1077815
1589901
1153563
1410187
1200881
123015
1017359
1069758
1311486
1282189
1562535
1272595
133242
1148151
1350308
1082457
274871
1471475
1301389
1434435
1301039
1301901
100958
277118
114243
255041
396783
1004131
1533016
1263168
355846
183907
1178194
1318331
281133
1482453
142669
1202305
214743
1260843
1193613
1544753
200557
1520677
269554
21783
1519702
1189980
131463
1374830
160544
110804
269761
1255274
176298
1016216
1580332
1445106
1270230
1491507
500860
1564374
40227
145490
1294578
1075262
333699
1160535
1463890
1081830
175839
164656
1013899
1022527
1312857
1478967
1513899
1456086
1228649
1068347
1564267
1519058
1412590
1113004
1405482
107374
1123557
1391666
1278185
1087210
1006020
1323914
202284
1265134
1523015
1020165
1473318
1498047
1000991
1168516
1380574
1290153
1428089
1519641
1255713
1128435
1479124
1508868
36357
1207397
1188539
1407163
1002366
1463568
1165114
1398794
119069
1178609
1315397
1211058
1580395
258596
1031779
1347968
1082471
101513
198725
173744
1472186
41392
1255199
1370453
1528558
1275373
1178681
1351151
1582443
1501130
1366906
1182586
127161
1380194
1463011
242057
1259230
124840
197073
1250711
1404819
1313394
1045019
1164475
1356146
112822
1310737
102116
233254
1191032
1004904
1157562
1239849
1413885
1114231
1446178
1344955
1135835
1340038
1380443
1241763
219410
1107655
1349937
1153489
108296
1088097
1435096
1339463
1157952
396779
1160655
529533
292867
1367668
151035
1150035
205212
1296182
1540015
1227525
1058568
1124902
1097485
1382376
1587638
1261709
1224754
1212744
220065
1255695
557116
1201977
1161184
414806
1132663
146533
1169699
333552
1196193
172159
1117422
1106818
1473018
1228515
1378549
1433286
1282617
446633
1370143
189620
280439
1417613
1529218
1480647
166551
1450449
1045505
1592495
1585214
192866
1380193
1178715
1190515
1450973
1119460
1496427
1000977
202714
1496583
152666
194691
141324
1322985
1270229
1211638
382142
1150114
1574504
1466079
203725
1119966
119070
1130377
1438102
1275395
205014
1326245
1097752
1424201
1185924
1435005
1055652
166552
1088487
1295579
1544717
1574755
1540460
1461386
1004316
1358283
1224760
1359964
1004100
1090169
111696
1349374
1101946
1045789
39540
1363633
1056904
257091
1094801
1047926
1414823
300843
1259415
225970
1571228
1038209
1191575
1048012
168584
1172075
1269236
1123352
1215011
1463567
1474157
188317
1393356
1048011
438890
1336913
376137
1321908
285772
1020056
1039404
1123267
1560108
1020484
1266133
1089327
134386
139531
1486538
1247255
1235991
1396918
1542340
1190841
1420731
1581226
213362
319568
1030684
1254934
1487685
257177
1526206
1375993
149564
1425342
1422287
1068346
104450
1577134
1160932
1272022
1583988
1380441
1159475
1334378
1167296
1020857
1465045
1216222
1442181
1437887
1276509
1379968
1182995
1142522
549816
178533
1074202
180828
1502364
1585184
1116749
1316124
1055298
1512734
1111194
287874
1241786
1578385
306386
1531475
1227290
233912
1568525
1566871
1543894
1408519
1329892
1334822
171281
215734
1155023
56818
534940
1556746
1532914
1316662
1147578
1018367
1403871
1484336
1244506
521657
1326473
1284610
1292488
1442340
19230
124309
1005076
1422457
1347238
305779
1380638
1412631
1372880
1115142
327114
1090170
1030745
1471788
1274144
1267581
1395531
1358282
1534863
1083485
1499504
1483916
1277251
1285509
1261088
1327530
1405226
1490165
135351
1520814
183078
1293189
1156601
124463
1504660
1209370
360260
1454833
1474802
1551127
1073166
1119608
1407029
394336
118843
1253888
1357224
380456
1265567
1205230
1133873
165818
1051625
1422039
1509792
1432911
1017358
145531
1389189
1279286
1281350
1563713
1573705
1175283
1017750
138715
1334832
1137499
1274816
1429314
1285307
321193
238938
1512318
1316182
153562
1139108
1230646
1483346
1107937
599691
1295015
1292728
271313
1357314
1343203
278299
230867
1004825
125457
398235
1045659
1135466
1368896
1283330
1238737
1149860
106694
1551538
1120339
239633
1224042
1181340
271447
1077117
1255344
1459340
1276911
145230
319581
1118040
1186269
1244785
1219426
1351896
1263742
1213781
1592857
1189476
1277393
36009
1042639
1327392
1574265
1143725
1462666
1311082
258945
1483068
1286251
1428733
1429258
1366804
312797
1197539
1539870
412302
34202
278864
1486816
1090531
1579066
217177
1564220
1423602
1214876
1133277
1239193
1216908
1091655
1565981
1325741
1049390
1212361
113977
1155085
19442
1368512
1541397
1334653
1246976
1423899
1433688
15060
184298
1377485
1283250
1142062
1509871
1471919
1029797
411554
1370805
249857
509069
1428651
1262094
1225588
1274544
117762
1512331
384841
1405481
137393
1242088
1355730
190089
1135102
351825
1205879
1531049
463645
1121152
1420857
1529353
1466704
1292549
1205161
1253611
593528
284768
1110175
1340231
1276843
1304549
366934
1462830
1449672
1346280
151791
1398660
1288360
1312789
1473270
1289034
1387441
1092181
1284181
1439323
1463081
1060270
177126
1315341
1347969
217107
1446280
1306624
390329
211392
110813
1037828
245980
1070022
1116172
1169439
1186842
1136531
189566
1077389
1374051
1471184
266978
144665
1419954
154756
1377916
1329678
1366694
1069428
1543564
273417
1051614
1177125
1186976
142456
1234203
1008604
1571373
1353014
346837
1042727
1023822
1288220
1457660
128624
1191047
1276007
1347619
1112750
1194430
1318248
1144392
1096225
1425082
178750
166377
1445179
1436379
1591046
1047434
1315220
1080128
1014754
1517230
1348992
1035239
1290085
343978
387392
1043079
1381154
124131
517483
1253744
314574
1208692
1022611
1487553
1496623
1150467
1073165
1435598
130473
1107530
1180695
1449225
1044650
21932
218447
1530617
1120823
1255704
215678
1098098
264692
1473663
1047740
1458220
1525350
1107440
1057341
1394756
1122745
1242933
1284017
1409626
1196592
1525816
1378330
1240091
1172989
1295149
1253250
1556789
1128706
1359221
143230
1062979
1124039
1258767
1229331
1528587
1440066
1379159
216956
111190
208863
1396070
1319137
1538734
1353331
1221336
1157258
1534280
1478886
1529944
1409612
1156286
1361627
1550076
1245892
1540086
1151895
1461505
1367061
1165631
1191075
1359664
1368940
1182844
1244457
1094443
132278
279962
1292727
151945
1507494
1000869
1463725
266456
1519135
1496831
1008302
1198994
1092185
312896
1318288
1206007
1359524
1197201
1153263
1144676
149349
171452
1191132
250231
1341613
12026
1555848
1430517
1543532
19399
1356539
1486481
1043482
1280084
1203446
182486
1208948
1276533
1258933
146364
1290894
124710
1169559
1341590
1305803
1487982
126889
1116176
1304523
1357213
1105101
1343440
1469003
482320
1011922
1002035
1574412
1205546
1261447
1161940
1151391
1383219
196462
1323104
1141086
1300741
1340866
1195330
120584
1058291
221810
1443050
1369228
1453334
1253275
1388848
1033462
138558
1140607
1529347
1062366
1022253
1413993
1076206
1254459
1228452
241646
1505160
1588644
1417137
1557556
1302959
172988
1092191
1031872
1011262
1080744
1350098
1572996
1254340
106020
1141224
300211
144130
1408442
250120
1191393
1209369
1280344
103570
1556126
103741
1183043
1505047
1414328
16347
284842
1070237
1309583
1220190
1237861
1044263
3342
307488
1453870
1245286
1158945
152997
1154202
1075805
1214914
1030546
1075639
1116170
1217241
229577
293917
1122392
1089612
1250348
1132217
1021916
1022123
1027211
1250203
1521316
1158755
1251600
1008979
330863
1276973
1175357
279558
1216212
133511
207824
1193018
1055637
1536808
355929
522321
1095843
130732
20022
1433026
137394
322446
1074720
1302293
1002406
288371
1084409
1370897
161107
1118774
423004
1270176
1586254
1361640
1113087
1428943
256744
1194637
1145248
1492352
135184
1260368
146379
422809
204745
1358822
1372428
1551337
1483110
1333177
1505905
1293967
1571004
1497125
227985
147463
1950
1413997
1105605
1135099
1440486
1293666
1471062
142764
1064944
1480386
1544564
1456838
1077700
1062709
136262
1033432
1370222
1269888
125337
1427742
224182
329436
1485399
1340265
285513
1465647
198373
1227128
193165
1135617
1005457
1459004
1582809
1494326
1288770
1278608
1135133
1527459
1316076
1235990
1345807
1374612
1115845
1128707
1285303
1215561
1152125
1520927
1067190
227956
1508486
1065291
1055454
1334017
1086669
1446064
11075
1339846
1134073
171267
1421053
1239939
1475585
1250395
172063
1422315
1433182
1225234
1484242
1511345
1285241
1233394
1459120
1551733
1535361
1495163
1451641
161946
1317266
442038
122301
274779
1349615
1040154
1262538
35676
100206
1122818
1255013
1165073
1382318
1480646
1122487
1139231
1232300
1422949
1167262
1440082
1104979
1258222
1503642
1302294
1492177
1321237
1306053
218209
1233135
242819
1350070
1263062
1085747
1524966
151555
1575173
159901
1309147
1453717
386040
157872
1367667
1187599
1309437
1451117
112212
1429147
113878
1385816
1100927
1544438
1236704
1108001
1293991
1389133
1101411
1340123
1190616
1043900
212013
1282561
1445832
1358449
468862
1486632
1067888
1357113
1330903
210789
1028777
1182076
1305560
1022948
1549561
1433216
1392167
1101601
137390
1172106
1043166
1571515
1338833
1267429
1184362
1127883
192819
1524907
1574546
1006103
127872
271457
1534904
179176
1455288
1240012
257390
1515681
1384066
1484953
257745
1223788
1186121
447917
1267914
142434
1340644
1373230
1349454
129022
1474672
1252284
251169
1388998
1403101
1375140
1523688
1028475
1124504
1154025
1348106
1270371
100444
1052165
1253676
1508239
1124743
1576107
1013074
1515227
276837
463646
1474478
184486
1510446
1296677
1408284
233913
1263803
1344945
1554617
247635
1264214
1391013
1202125
1310658
1587931
1215303
1255524
1479353
1059024
1331924
1026772
1160025
1025334
1592999
1593210
204880
1039575
1268430
1143146
1558513
172861
1562477
1139598
1321902
1001909
217941
1066964
1265940
1137090
1277646
1338872
1543143
1198043
1372833
167071
1365369
1316974
1186841
237041
1051952
121195
1070353
1308553
1396916
1206593
1578209
149878
1505235
1104844
211049
1157007
1559428
1144528
1048880
1507366
196714
1561272
1130432
1535139
1078546
1510031
309948
1252581
1110851
1432683
1309139
122940
1431159
350410
210069
1224143
1418259
1205029
1271914
23715
1204839
1561356
1107593
235071
1151150
1366221
1357212
1063852
162012
1241107
1119490
1262732
1581392
1484100
1257082
221601
1526371
1267039
1018366
1311706
1481949
1345072
1245287
146295
1039819
1219606
238048
1093872
1187410
1198784
1082885
1537887
209888
227476
1197614
1485304
1281946
1280918
484115
1147470
1542031
1563015
1431089
1241490
1493940
1025798
116125
1578444
1229530
1254527
168277
163303
1443900
1402063
297897
1323769
1074534
259352
1123351
1442588
1398130
1065471
1026524
1494258
1573027
1434562
1483985
1371050
1547756
1126547
374005
184297
1437888
1194786
1133995
1302003
1554380
1228168
210070
118884
1428219
1249134
42204
1415637
1055641
1343133
1010097
1321700
1506144
206219
1503124
1105414
1239598
1200375
1190731
1264520
1326356
1588113
1273547
1452791
1098886
1046352
1142046
1552601
15076
1283220
1111714
1378791
1162777
1330452
1573576
1341409
1502678
1534619
107087
1348446
371222
1239899
1113869
1532687
302713
1115884
1243295
285755
416035
1442705
1372832
1432601
1211553
1567865
1493939
1163451
1395386
1291672
204879
1003097
1198803
172646
241566
1080430
1190840
1381661
1294750
1154820
107042
1495119
270808
262456
410370
190865
1107616
1041020
1490383
414734
1135253
1264461
1009479
1222711
136334
1293208
14117
1456575
364078
1069427
1341819
1372369
1020856
1481697
1271488
171106
217655
1528133
1081299
1507347
1187600
262457
1041105
1291939
1186213
1066671
1437546
1490645
1170729
1172988
1029994
1093837
1355593
1463889
1116347
1418739
177798
1423659
1503679
1413719
1032524
273676
1538542
1064000
1312072
1092912
206914
1276006
196966
1167837
1294003
1334149
258313
1230897
319504
1191346
1556922
1546319
202370
1575020
1588087
1347613
1260067
137740
1593293
1556172
1279167
131421
1357951
1345763
1003050
1545153
1306641
1574790
1447068
1318289
1380392
579394
1136756
1157974
1574533
1102229
162756
1496426
1116410
1376493
1026378
274
264982
1435970
1502416
1575034
123016
1485708
1002497
346843
1383570
1579957
1299730
1499720
1105357
1422749
367336
345986
1406332
117446
1345854
1019240
1324483
1280353
1216588
327286
1382125
1064456
178240
1550965
1020403
267409
1008584
1181252
187075
1059872
1325092
132047
1330169
1066280
103924
1426342
111512
1144220
186241
1229743
1437280
1439435
1009314
1087630
1054446
1108189
1050702
1146914
1043252
1170863
3453
1435969
118751
1019141
134324
1367
1250740
1449737
113750
1215834
1105065
1117787
137834
1400865
1126228
1486245
1438774
1229975
21425
1363548
1460158
1211112
236814
1324354
1147017
494703
1254083
127218
1147018
145928
1222957
1002873
1194175
1075602
1346789
1539056
1208199
1340039
1339888
1048020
1212129
1246021
11152
149103
1205878
1123376
184794
1268770
1519057
1483704
1151527
1142018
1427672
1445927
1476287
190866
1050582
1005475
1032572
1361852
1197822
1448500
1440611
1255748
473825
1338690
1105875
1299749
236374
1470940
134641
132305
1130029
1346403
1353397
1115245
1492821
1231917
1327846
1421250
1317077
1096
1363595
328423
1082886
1126827
1250748
1390990
396405
1452522
416033
1453591
307192
1255525
1452015
1094608
1044262
1066404
1540388
1065707
1139130
165016
1168417
1284240
1265449
1014096
1412773
1242861
1174580
1043333
1210460
1201443
452791
1436717
1528983
1260042
1096631
1139461
1333579
1284816
395427
140550
151790
1022841
1481948
1323657
255576
1441399
1028521
1521854
1445216
1544864
1357452
1469419
1283201
1413111
1446177
1580415
1215688
1024233
1075498
1322727
1151563
1151288
1428365
198474
1259984
1495017
1479106
188695
1562476
1098341
1396296
1038417
1270118
381867
161378
1430924
25083
284386
1139925
484852
1387023
1469060
1109232
1347975
192533
1044688
1271447
1336468
1118263
1309572
1537876
21061
1345561
1448335
1134135
1349032
1350210
1360816
1435996
250830
1535790
1000636
1336804
1351194
1414532
1080934
117763
1190926
1060464
1286317
1110176
1295536
1503368
1040368
1022597
1282116
404447
1441047
1070836
189478
1475271
1546189
1512521
1229954
1377856
16530
1374346
1418093
1420678
1296572
1501986
1334651
1296424
205327
1410468
1072900
1402598
1425261
17159
1085621
1493145
1085598
1202391
1310064
1108274
1244866
1305116
1048991
1012390
1395639
1317076
1341601
1117764
1078078
1015654
1433437
1163495
1357168
1529808
1247175
434027
1557860
1135854
1572251
1030887
1154578
1018999
1121158
1022672
1377844
155700
246809
1515226
150584
1538993
1054543
1406441
1246817
163754
1043423
1335498
1482276
227239
1057120
1461661
193998
1009097
1058752
104712
1537782
1393834
1187541
102214
1148642
158126
1288113
1498507
187399
285725
208248
1388937
1389188
1461125
1168219
119361
1126569
1466557
342894
1427757
118842
1037374
1277334
1403585
146532
1210413
1291311
178897
1440223
1263919
1341580
1552337
1493687
210790
1507495
1522346
1290452
1137106
1489558
1481219
1551121
1452137
1098903
189654
1249922
1313329
1091739
1541500
110581
1433744
1133276
10841
1221933
1283346
1079011
1092563
247253
159303
1557449
1206264
239485
1390504
1306046
1294621
1116769
1342731
1111233
1116583
277707
1567698
1486044
1133306
1117821
1368506
1324756
1579890
1043713
1180892
1504069
228071
1300610
1277484
1521401
1072490
1294283
1109238
1392102
125658
1530298
1558809
1004166
1136434
1110954
1051951
1047389
1048976
1210453
1259363
161933
1098549
1502739
1380368
1178714
123442
1463726
1036027
1537172
1133145
1426473
1475171
1252798
116928
1162236
1038101
1364814
351535
1341256
1166029
173510
204999
1452280
1383422
109824
1071549
1553166
1176330
106995
1383421
228870
1116787
147225
1557562
1389867
210252
1449957
254182
1256927
1167353
137616
1515683
1160028
1423760
45695
1366282
281974
1165180
191250
265502
221139
1416667
1223627
1408180
1233320
1079900
1462638
1225075
208250
1078052
1080164
1455815
127849
1259783
1088472
1530721
1402206
1353211
1057019
1278718
1379451
317498
1255453
1194631
1573729
1008338
1531704
409231
1351978
1098641
1270177
398538
1394383
1290144
1484787
1298745
1124579
107660
130705
14252
1099315
1366196
150686
223218
1210118
188051
132944
1555906
1261065
1217617
1444812
1456990
1053535
1511474
1350430
1116171
1226879
1352834
1004018
22214
1122962
1006127
1187248
100509
1478225
1502630
1426938
1472192
1011388
1581851
1366641
1071793
23896
1289435
1155436
1284609
1158439
1406714
1278036
1000074
35583
1167576
1080925
1500593
1105099
303248
376151
1255872
408265
1169501
133384
1084408
1573327
1378004
1041427
1016538
1067499
1420401
1070593
1014958
1578926
1085871
155287
467695
298308
1380442
186432
1537321
1301349
1106897
1073135
1064469
1286425
1369851
1526909
1080581
129255
1552206
1345211
142982
1107837
1516618
201824
1492444
1018404
1096777
1547194
1524688
1105418
174348
1477338
189655
1442321
106406
356600
1264747
1097217
1001692
361659
1292822
1358391
1259985
1031171
1446279
1397737
109345
109550
297180
1138868
1045199
1117651
1344760
150732
104391
107953
1218988
1425267
1213032
193000
228520
1360419
1048977
1270638
1585922
245111
1179809
1296381
1077575
1571048
1575239
1465500
1167270
1251460
173743
1341285
1174036
1117289
123790
224743
1143484
495654
1341404
1426343
1549596
1269887
1558810
1316867
30315
1140831
341896
1461536
1012351
1414290
1445393
176890
1275291
1445500
109450
1058390
1458221
1309237
1151290
1009429
1343011
1300700
3217
1060522
122913
1524187
344164
1258615
1382690
1434803
1294219
279553
1162181
1489557
1368702
1405407
1408823
1089464
1081304
1449958
1103241
280976
1404056
176366
1052464
1480651
1466861
1476336
1417077
1112382
1070408
1563811
319952
1575177
1099112
1417612
1526067
1576549
1216096
1132209
1311118
1337269
1062543
168544
174751
140183
213024
1372385
1569986
1307074
1590480
1241677
129863
1108579
1182326
158155
106405
1245081
289237
1413947
214174
466057
1341477
1474853
168195
1084573
1399179
1306458
1024920
1571728
117316
1056465
1252377
1222570
1356743
1243515
1527212
221141
1543491
1426113
129196
1007118
1162775
1030553
1529682
1009028
1411150
1004655
1524093
100805
239877
1112974
1441341
1444879
1447289
1463094
244810
1532822
1490355
1011973
1176572
1285271
1406715
1106808
15096
1313955
1156620
1468180
1104558
1429916
1558512
1503833
1514244
1199668
1267327
1127627
1303713
126207
1295150
1463095
136645
1303590
1527347
1231752
1544478
1079564
1016537
176427
1206888
1516397
283045
18991
389972
120384
1422496
1019409
199958
1096016
117649
1391802
1540468
1528832
1167890
1332607
270465
1590834
200132
1174602
209951
1451258
164140
1029926
1483992
235852
1042132
1095627
581055
1540660
1178608
1200376
1147441
1235954
1489017
181842
1145961
1314113
1467635
1330089
1560547
1382852
403732
1086163
1155061
1416193
1385637
1167665
1456085
1525744
1383080
1509957
1347099
1312004
1370621
1149508
1417739
1235329
1316500
1337073
1116348
1413620
1425914
1095141
1435460
1423530
1393980
1030650
1060150
1053088
1142560
1102125
1031482
1048718
1159485
1009855
1561963
1428115
362158
1507662
1118167
1473121
1468283
1225244
1096796
1056608
450119
1475107
1062283
221345
1091703
1351193
1534557
1350423
1265225
1465906
1466410
172142
1132904
1553222
1300133
1275399
1179342
1351384
232920
125026
1338027
1100973
159927
1028313
1132112
1260298
1403755
1083906
203360
1019615
178482
1454056
1066688
228209
1109550
12868
1204699
1016483
1381184
1154292
1461265
1270013
1526372
1262034
1193680
159082
1248876
1136040
1325922
1402553
1316036
1535247
1396736
1124883
239164
132381
1540765
1130327
1047324
238418
299047
1411135
102886
1008443
120266
132934
1025519
1175109
1561086
1004916
1395379
1382083
1236953
1028017
1483525
1044566
1324824
1251839
1315597
1447272
1536114
1316359
236644
195229
1524812
1324898
1153703
1173855
1583884
1514388
1198434
1217004
1123618
143229
1372371
1034795
1205877
1054142
204580
1248428
1450903
577197
211255
1134455
1014929
1006921
1210305
1184647
1273033
1240061
129586
105841
1145
1454108
1264303
1411147
512572
1231800
1086224
1437768
1249865
1378604
1151023
1215560
1110580
169276
1249181
1030737
1135305
1371321
30748
1288174
1477391
1384773
364494
1545916
466992
1513736
1296877
460513
14437
1121563
246675
478998
1520186
1495162
1394738
134774
1076478
131462
1134818
1441409
1213773
1228688
184189
1015566
395061
1549276
430601
133921
1379967
1448792
1577995
1324355
1305490
146142
1435489
1477079
1128882
187398
1549393
1468523
233717
161832
1215879
1499969
171924
1510909
1110701
1157578
1317475
1058377
316601
1299258
1023430
1138289
1372504
1427961
293868
1072419
1193833
1478214
1148597
1000932
1501689
1110282
1124583
1034192
1150261
1407413
1089935
1359558
1486438
1587817
1230487
237731
1525573
1143784
1253661
1005349
1364065
1191564
1397740
117181
248343
1558554
1190652
45350
1280915
1226961
1202676
1326933
1214323
1495088
257227
1135952
1401424
1462047
156730
1375479
1295599
208751
264135
1124626
1077574
1131419
1093198
33144
106695
1171138
1434788
142173
1148045
1049598
1371863
1365328
325132
1263061
1561661
1060955
1428182
302427
1164319
1274297
1161091
217842
1111808
137384
1156191
1129882
28307
176596
1289905
262362
1449059
1178935
252423
375250
1038802
1392063
164867
1190927
137981
1319326
1510144
1258256
101150
142171
1209456
253547
1173024
124344
1391009
145927
1368543
1174714
1111365
1161727
1272820
144281
1321817
1304576
1099222
1317485
1353501
1003334
1418033
1514389
1537749
1164650
1580977
1194549
1172448
1378329
1202548
1186135
146262
1091094
1089903
1209178
1388167
19449
1485821
1016716
1092341
1102593
176124
1507050
1421012
1378322
1454272
1354079
1463146
1005521
1372250
1455437
1103859
1134048
1441020
1362033
134062
122235
1306978
1405309
1020371
1082279
1559647
1395648
1357433
1210242
153548
1177124
1261130
19441
191846
1434134
152175
156982
1339339
1055237
1043594
1446598
1255232
1075371
1333157
1110006
1299440
1069101
1428573
1141995
273400
187727
1056390
109523
1068145
1273513
1136167
1005266
1106974
1332742
131829
1167772
260019
1577414
1230151
1201434
1250220
1112376
1050583
265956
1110432
474016
1452345
1269139
1214223
1577556
1302447
1264788
1364527
1239396
1380087
1526126
148971
1046793
1156621
146195
1377519
213413
200131
1593001
296120
1404990
1363594
1436285
1301645
1461912
106638
1529269
1456989
1517732
109346
1340243
1153632
180210
1530265
1567595
1523157
1283327
216670
1382489
211050
1021779
413024
327410
1049886
1313156
1162776
1415337
1556367
1480480
127713
483414
1378989
1216747
1542030
1421583
1152815
1244230
40079
1457848
1588968
281419
10614
1585212
1313086
1492318
1005952
387786
1313088
1254383
1213096
39784
1389006
1203215
374797
161092
1183616
1098520
1091577
1026622
1165599
1222508
1012017
1375376
1504037
1543384
1456163
1565982
131268
1233959
1274798
264083
1008337
14956
1049373
1465089
1463727
1362684
1169959
1494350
1569283
1450514
1334106
209404
1059461
1171435
1088759
251917
1402876
1491747
1241794
1143644
1570432
1368
1224342
353809
384838
175972
1040342
1022906
145817
1448901
1517389
1479129
1031817
1540509
1273711
1010872
1003493
1413422
1208004
1161728
1540879
1117301
1451640
1457501
1561034
1359741
1165265
140296
228193
395941
1348367
1423087
210211
1499719
1335073
1220335
215219
1576690
1571988
1045004
1356007
1447094
1034005
249735
1437249
1578849
1039984
1211906
1334952
12495
1484112
1287913
1338026
1087121
336075
1140781
1258863
1191844
302181
1531679
217940
1576064
1265939
316406
306993
1219031
1196400
1227992
1321416
1138853
1078651
1384657
1196514
1489571
175292
1458808
1183323
1451000
1102339
1209722
1395385
1142202
1015655
1382171
1010305
264348
1165986
146357
1424642
266318
372091
1344416
1583678
1073440
1484111
1070716
1381185
1353298
256448
1533882
1385507
1552561
1575059
151756
120934
1134299
1551797
119661
1006128
221401
1000077
134805
1071708
1448536
1490927
1165213
1394628
1467090
1185507
371100
297575
1535578
1205008
1084279
1116382
169085
1221698
1156836
1567784
1497172
262526
334295
1078545
541621
245947
1327174
106483
1160942
1536119
135039
1420182
1039269
1506394
1235450
1200683
1020254
179695
1545629
1168133
1359035
1082723
1352791
1269818
231989
1491741
1503590
336076
1576408
1270946
217205
132168
1115306
1435472
1155226
1071792
129318
116601
1589617
1218055
1352700
1434473
1102885
1183589
1466509
174537
1366971
1404284
1411033
1349689
346047
1369144
317910
1366215
1234009
1117139
1142722
1471234
1501793
235127
1454359
1092724
1144606
133076
1102285
1120024
1326845
1220491
312478
1369991
1286415
1370401
221368
1356494
1272913
1157149
1404566
1396917
1454411
1118262
1564723
118924
1270936
1455975
137339
1538046
1150492
1254980
124512
1521491
1396914
137641
1532125
1498807
1300328
155056
1093510
1244480
1134649
1574879
140020
1172431
1360712
1040991
134597
1260535
1470357
1417935
27732
223699
1041704
258594
1554036
1510839
1241956
1128434
1292269
188734
1426725
146079
1515433
1392414
1106243
1252202
28429
1293046
1074393
223405
199126
318077
1372677
1572944
326316
1002862
1484568
1315287
1283101
107474
1117390
1413884
1464587
1020197
1541492
1192154
1567427
1021191
223820
176574
1525383
1572636
560900
1000915
1207862
1554103
1232028
1255322
1325415
1424473
1223585
1254580
252039
188503
1076609
1514069
1252768
1135247
269702
1033941
1417670
1332107
1154526
1150176
530177
1332060
1216220
14475
1080591
1054880
1484711
1210766
1151497
1010978
1087532
1333571
318296
309227
1257162
1017624
43402
1253314
25548
1332764
1365110
1262608
1476221
1419379
1222202
1286710
253207
1516119
1045170
1043147
1590960
150042
112260
1155601
1156546
1267659
1173626
1398031
252539
1509880
1015064
1431211
1073897
1147745
1497516
134
1031736
1359071
138811
124368
1409856
1551835
1336176
1223748
1036226
360400
272033
1448890
1404604
1407490
1230654
1502126
1347612
1475941
375306
1072158
290919
232826
1334459
1090993
302892
1110268
1587748
1496810
209441
1470031
15285
1372495
1124627
1272865
1276855
1546566
1147980
1279391
1239903
176294
173469
313669
1151376
1413565
138841
281381
1440081
1212530
1050325
155468
1154192
1554265
120252
1499834
149879
1217687
1404567
153792
147173
280543
1023235
224178
1489139
1135101
1535054
1305347
1244836
1305348
1183906
1002405
1330939
329256
1247176
1177127
184863
11164
1360410
1134378
351468
1086174
1387877
1521862
1407946
1289955
228137
1230607
1583136
138140
1122170
1538992
1541679
236166
1291871
1342777
1034803
1269398
1226891
1117648
1123627
1225317
1560496
116918
170216
1243698
1079779
1522822
1545154
1328139
1189197
1054208
1227087
1259714
1428883
1352607
1454305
1464508
125302
211474
1344833
1519603
1164651
1446256
1476222
1091640
1481128
1383279
361092
246597
1483186
1017625
1028154
1581850
1429241
1040686
196563
1371753
114888
1504683
1146544
1471789
1125534
1409423
1408770
1388411
1142058
1569494
1081354
203110
1036765
1058290
1136551
101474
1136773
1003559
1477619
1137517
1577138
327984
1401270
1295958
414039
1045198
1396606
1575058
173636
1038676
120980
1410595
129410
101473
1113689
1211552
1500599
1329539
1059117
1585015
1544963
1194880
1475621
1528052
1345399
191540
1407328
1487340
1499104
1390921
1117786
1459837
1420959
1428218
1363872
1585696
1474297
17647
349881
1029684
1526792
1086486
355473
1168515
1455319
172417
1032108
1125822
255364
1093381
1336200
1177558
1217003
1295619
255863
1563582
1577750
224271
1438079
1529346
292032
1354081
22849
207653
1474574
1390564
1290792
1466078
1208247
1382452
1413435
1529838
1359621
191675
1438556
156908
1032352
1468368
326595
306906
1180148
137840
1084546
1480092
1292726
1250764
1212651
1177029
1168692
1448664
1080990
1548079
1179653
1414737
1268873
1114448
1306870
1030128
1326800
1379188
1389089
223309
1544832
1014883
1170009
1525713
1413001
114106
374226
1220490
197493
127909
1072093
1065355
1178193
1003671
424058
1523156
1290616
1307997
116309
269129
1034235
152850
117281
258595
338342
320088
1165095
1293047
324217
1573575
1014925
1099888
1186920
1516414
1422673
1236423
1278032
139452
1236261
1439696
22466
1128343
1378894
102038
1517145
1322128
1562534
1412397
1512330
1328967
1483920
237526
1004615
1435459
115626
314645
219846
1412498
149728
1182382
1539181
1001893
1314114
1503660
1276964
1519977
60708
122498
1353513
1127729
1360751
1223181
36016
1184221
1386180
352944
1119739
1182077
1391916
1581849
1136664
1323102
1116144
1548123
1338832
1566111
1201298
1260540
1024494
1297456
1554825
1484254
13435
1358389
1368722
1268498
1061563
158743
1277593
1047362
1548008
1187945
1247145
178378
1003866
1476951
1465319
1514712
1417365
156261
1460878
1572128
1305764
1537150
1313963
1116162
1277183
1064943
1170862
518765
1591108
1583324
119617
1401048
1348606
1167592
124444
1156646
1356645
1500143
1510694
1075881
203447
1321721
1056197
465309
155693
1348327
1109843
1120169
1126440
1004716
1536140
346635
1564282
1300629
371944
1009591
1146913
1087177
367792
1018508
33523
1289311
1088471
134325
348248
325277
1010982
1091946
1288112
382561
1066282
1251390
1240848
1122375
180581
1493235
1122250
156336
1334835
132891
37851
1076903
1111856
1491739
1380015
1114558
1507336
19887
219764
1551828
1510910
1417981
1571734
128439
1054656
296496
1584134
1261206
1211495
314723
202444
1569205
1404484
1531861
1355084
1375748
1551373
18689
219582
1402198
1117839
1524478
1260586
1542111
1464148
1246586
707598
1001835
1366817
1184841
1450447
311914
1421179
407003
1220336
316263
1255225
1117561
1380859
314134
414815
1113871
1348669
1178559
1070290
1177028
1574565
1232634
1473236
104944
1403729
51196
407570
115153
248298
1106725
1481127
1515915
1391102
1491740
179198
351608
1189757
1118373
1452438
1286849
368971
1387656
1535880
1299697
1374832
1391838
17811
19022
408196
103428
1100883
1026463
1214972
1100657
108102
1118166
1266082
312014
1408467
1231140
1242734
1137071
180039
367036
1286935
1243074
311237
1509673
1269220
1018998
320237
1576345
200008
1174547
1355989
1509026
317248
1321953
1335440
1269816
1583515
256687
2762
1103884
1088625
1178503
1354798
1590782
224542
1398649
1047103
1468569
1002760
1318846
1143069
1258862
1210521
1299016
1081225
1336867
1459839
1285275
1195747
1556353
231009
1175175
1287666
1177958
1263932
1078795
1421384
1018544
1579393
24470
102216
1361218
1094807
1193679
1280133
409215
198506
121346
1047239
1141075
1568491
1558
1538295
1275292
1125490
1592160
1373410
237001
1132707
221374
1277231
1524906
1269639
1285388
1209279
1568196
200335
1554444
1229518
1230089
286033
1336798
1116631
1377828
137620
1120897
1592281
1215226
1076749
1269690
1460347
1523593
1457502
1357442
146141
1482585
1090610
1211908
1006900
1488797
1549886
177729
1086030
46745
204944
1515046
126492
1269276
138187
1377042
1545380
181807
145494
23025
176659
349980
1012508
1151528
1088636
1272566
210859
1379710
1308178
1458212
1124038
1542257
247218
1467645
1558487
1127623
1509937
1475172
210975
1367350
1183482
1104856
1436704
1458431
355606
1016903
1388623
516726
1489477
1272939
1157211
1342170
1353149
1306174
233759
1346450
1142934
1455721
1079961
1591675
1225417
1289765
328432
1455691
1104454
1071211
200780
294653
1407483
1414490
1394422
1178579
1295184
1300830
1116265
257553
1353329
2294
124911
1135136
1257912
1436427
1296380
1276700
1412853
182579
1061562
1060463
1402052
1060696
1098110
1395493
127217
1057644
1329561
1475224
1165755
1062328
1029923
1373755
240820
1331021
1166065
1323710
1232887
11174
1123088
146280
254351
1145827
1374105
112917
1344094
1133656
1099819
1053121
1070388
1556902
1093320
351904
1182008
1078846
433222
1271640
29094
1294485
1302302
2641
1054673
1318356
1272767
1443315
1106819
1054476
14845
1554385
1437659
1347813
1521588
1062926
1000424
1189263
1064423
1357614
189054
1280129
110523
1485147
1237056
1056251
494702
1521351
1276817
147844
1141708
1018944
1479146
1060297
520920
1059297
1012594
1028898
1247286
1179104
1207148
1390325
1103927
1239995
1150595
231956
1058986
1324845
1249536
1085000
1487792
1579170
163667
1406349
338115
1376298
367791
1544170
1141025
1305117
1252098
1140087
1066535
14548
340540
1030127
1275957
125994
1042480
1297040
1129635
1096748
1326476
1235688
1500276
1117099
1201433
1096776
120320
1009096
1118163
155569
1575699
119086
1088735
1069316
1430925
1190503
1557891
1276943
139836
1465672
1349283
1253547
1034599
1390372
1184254
28625
1277431
1510644
357712
1221667
1299948
1536281
257389
1157561
1359684
1518817
1177325
1197847
1023619
315765
1431721
133619
1453018
1551976
1224889
245012
1004905
1008759
206725
1592484
1478349
1249638
206194
1153296
330431
122938
145378
1587269
277380
1543958
166168
1012114
1526736
1515079
271640
1206887
1464373
1183248
1115547
232048
101497
104711
1046968
1551730
1566638
1156074
166089
1038021
1156831
1402597
1314238
1136420
180918
1117412
144841
31115
1223274
1142857
214565
1551265
1012891
1320679
1432034
1164430
1107188
1255548
139006
218380
1080665
1321907
1128364
1250747
1462661
1000914
1083551
1057055
1214439
110812
147946
1268429
1043295
1017030
1211167
1016245
204347
1410594
1441233
1504682
1102723
14033
1589561
241468
190873
1512512
1027179
1013596
1569651
1422265
1369351
1343388
1567998
1040685
1001783
1590021
1112664
366023
250150
1277125
330190
1226225
1069655
1301833
1142968
1313087
1367934
1480381
127762
216808
1394499
424027
1222118
1184452
1229009
1313263
1353269
1373896
1327236
1479939
1022018
1308471
1561011
254718
1121492
1035200
111724
256883
1235721
1158007
1311011
1284642
1056992
1481397
1130660
1130505
1115557
1232002
1110741
1214856
1183945
1042029
1130664
1332688
1481015
208272
1256089
155666
1516219
116084
1579637
1292790
1403623
1253521
1166386
1184009
160543
1504994
192962
1435007
1347002
1288495
1378912
1387969
1151622
236626
1114891
1085001
243525
1424643
259675
1373055
2030
281192
1318222
1581579
438218
1091774
1411549
1070236
309897
166915
116852
1132719
164420
1296973
1026752
327985
1215975
395426
1555749
1367066
1110156
1406017
1016188
1046685
1379226
1288359
198033
1105727
1452904
1452268
157537
1317865
1397794
187479
1526429
145015
254022
197385
1457967
1184331
140091
1426080
1055247
1086386
1254424
1246998
1306580
1408314
1045215
158664
1318038
1429869
1555329
1212999
1214335
334491
1312374
146420
284607
1331524
1548663
102268
1368838
1530921
1393127
1405882
1417254
1321082
307726
317543
409624
1117613
1079232
100179
1243302
1119836
1491325
1578394
1441698
1036056
1333178
185226
1276995
1417554
1590747
1208200
144323
1049291
204943
1144242
1211111
1501140
1242501
1102283
1420859
1309345
1154525
1252573
1394800
1416399
235790
340049
1531419
215239
1087160
314952
1545900
1189745
219397
1578200
471002
325788
1368617
1325069
1112383
1215873
1006775
193212
1250535
1066687
1103431
1289432
1552055
129168
1319195
110003
154641
1017554
1516576
1493491
1569796
1456881
1300611
1005377
1434802
1457193
19551
1175430
373747
1218757
1389254
1356945
183229
1341527
1167722
198863
1409691
1448411
1592279
1215972
1053212
1170713
1075601
292214
1242442
1589332
436050
59609802_1.031275
119285
1137684
1229330
1533689
1092524
1048467
1300668
272000
369702
1030017
1090098
1523572
1479128
1499858
1566485
1420195
1016954
1272068
1433521
1508649
1038506
1401701
1172427
1089568
281333
115675
2031
461783
120383
1236281
138885
1512520
1202260
1252456
1465318
262902
1424566
1176611
1254324
1503968
1454312
1145056
1348311
366738
1456891
1169262
1544136
1567783
186630
1000784
1557878
1341306
148539
1555469
178293
1323693
127838
1177126
145844
197830
1287296
413001
1096081
225318
145843
1188492
11881
1115308
1253884
1157463
1026124
1429161
1057701
191629
1354544
1141697
1149954
135500
1437105
1217686
1041438
1484647
1521587
1479835
1325493
1059504
102053
1566850
167068
420818
1074012
1048771
140760
1058370
1031798
1473052
1196333
1145055
1498466
1275116
1371490
224288
1377146
278881
1314533
1427174
153555
1381658
1055802
1510840
1491806
1572638
1224393
310363
223157
1582130
1556271
1117433
1495096
1473082
1522929
1413966
1565626
1568716
1429636
1580330
1577318
1202837
222671
172769
1285898
1409767
10279
1005307
1093759
1123437
312681
1588028
1412701
1521762
1022842
1468109
1169273
1473658
249440
221740
267757
1246140
1083622
1162662
107642
1286758
1375478
250792
1271849
1495025
1225233
1097872
1016484
204087
1273678
1352675
1416899
1337730
1304630
328864
1013312
1579680
240271
127079
32385
1298233
1421178
1274675
209403
214858
1299257
167225
1200605
1495523
1565089
117045
1099561
1380282
202105
1051172
1414401
1317131
1299995
1113530
1235974
1297572
1493731
1515050
160167
1332716
1531465
1363050
1132436
1149030
1041830
134495
1143151
1586723
1525836
1182563
1241065
1389315
1447070
1456391
1464262
1484286
1234790
1491683
1446063
202802
115028
186468
1047388
1197726
351673
1247298
1198580
1189994
1247727
1264289
1510374
1194118
1416989
194906
1050260
1531173
1017699
1522837
1560051
1123664
1075592
321032
139543
1561853
1366244
1506991
1258562
21700
1022939
320670
1097636
1268850
1529292
1530433
1328376
1238361
1074847
121636
332107
1353433
1194771
1060687
1076610
124490
1108906
1177794
1091208
1443499
1040058
1207346
133065
1032431
1323090
260133
1053417
1321015
45694
1467830
1282764
1218792
1498669
1110571
1024987
253736
405945
1025814
160292
1414980
1223988
1509127
1202720
237306
1316358
1130098
236184
1008619
230822
1187047
1121198
1565348
24810
105639
1339482
1168757
1265777
1428523
1079218
1162313
1339052
1547755
1076997
125139
39376
1265473
1273194
1121415
1489774
1022984
146931
140336
1303873
248541
1308465
1584202
1354175
1568231
45205
1390806
1100999
1503175
1200880
225921
1241676
152068
1060576
1049810
1453511
1443545
1046585
208035
1212549
1216532
1050784
462639
1294382
1380195
1343386
1353332
1014868
1390431
1216675
1105874
1337650
130462
1447202
1227123
1006567
1271446
334529
1001892
1347001
1225219
288240
1210560
1304167
262210
1199711
179040
101820
262705
1439039
1377420
1556490
1419320
178080
1266614
1292124
1303651
1402082
1140503
1506781
1147405
1520508
1493682
1536268
1062772
1343385
134640
308676
14549
1092669
1321954
1450424
104390
198698
321656
1036189
1389017
1441822
1039818
1523413
1575640
1346281
1486838
1415535
1091605
108614
1395194
1236681
1272720
1422047
1385311
1164018
213764
1002761
1304610
1141432
1272718
18050
1446551
1289139
302179
1245788
1437250
1532014
15754
223169
1445460
1465427
1407320
251727
144152
236014
1447290
1307174
282650
1580659
1154629
1381638
157499
1025710
1043855
1078486
1339960
1166913
174395
1560499
1209772
340223
1271589
1376621
1091040
1163353
400080
1028241
1022671
1031581
1005471
1402360
1280130
1492327
1426567
1086421
1233439
1098233
1468282
1111312
109043
1397084
1592743
1494229
1133996
308392
1463181
1378438
467489
1420286
1263400
1345870
1079936
1485738
1425366
1383082
1503288
1518295
1090177
143531
1178246
335968
1178982
1461127
1067101
1549482
1230488
1094197
1057056
1502855
1410409
1277090
1545415
1144035
1502280
146546
150328
1462719
1465271
203627
422688
1186077
1544583
1436206
1078794
1080416
1099136
1420705
1334265
1141166
1163102
1550663
1300987
1092142
1188417
136757
1430195
290104
191625
1487910
433476
1258155
1056253
106631
1267342
293143
1464445
1585603
1287770
1139508
1430432
1014987
1366216
1141159
1117698
184348
149152
304301
165563
1049439
295060
1133895
1199875
1458739
1474606
1182005
1043174
1289308
1511396
1162253
1337927
283622
249792
117499
115836
1150416
1192472
195182
1479337
1424895
1403450
376035
1543457
111836
405152
1516362
1033117
209169
198419
196479
1336987
1407518
347085
170091
1033116
1063023
1254068
1033121
189379
1542963
225754
1365694
286753
190556
1167110
102357
21380
1360325
124452
108349
322887
1264163
17836
1081842
1154500
349314
1094867
1173669
192996
305130
1359746
1501030
330437
1151080
1351304
142172
1326705
1122275
1370237
202112
1530064
1169423
1196352
1284016
1016812
1068552
1515907
1285203
1214918
1400290
1418252
1269221
309494
134773
296202
1480650
12517
124409
154074
325910
1259529
1302143
1504528
1474091
1158153
1484173
1341149
1046742
1045845
1450768
112074
160286
1032479
1132435
1123650
1258059
1295116
1029284
1591294
1281443
1310674
1426179
1584695
1438347
1315415
1467765
1008331
158166
1080969
1485642
514994
1231314
1030659
138188
1315242
1485707
1394820
1195907
1419617
1528506
1006426
217478
1102624
1504581
165092
1489542
59609802_1.030080
1018585
59609802_1.026071
1501668
1380652
135575
1390019
1444223
1172074
184656
21988
1237547
1271600
101091
1015656
1302878
1503170
1549458
1110948
1193229
1230540
1487945
1304814
1120764
103427
1008352
1328384
1357196
1115751
180128
292739
1095569
1122160
1053211
1219748
1219783
1417286
1111302
1530383
1460793
1550627
1150435
1157276
1359342
137777
1149183
129015
1477063
1078865
1551215
1468777
1053559
442008
1353673
1015207
1330359
1389966
1171397
114505
1060197
322913
233965
1430809
1001034
152996
1513090
1475305
1282408
196844
286173
1064193
1538026
1473269
1403624
1043854
1589034
1178091
1540907
1488230
1218755
125604
276304
394987
1572804
1473094
1581174
1003999
286680
1099531
1526796
1089163
1567514
1014121
1100468
1296351
1041084
1368181
1283997
1177361
1460528
1346572
1566293
499215
1038245
14481
1182188
1272940
1318724
1013595
1438046
1302743
1226952
1522415
325969
1442763
145679
1042037
1088345
372888
1535572
1430196
1295867
1475270
1303981
1458304
1571854
1000783
197458
1480280
1523667
220752
1221066
1390920
117599
1196694
1427164
1369758
1308521
1276105
191203
1452344
23133
1055636
1167664
3078
1500714
1210137
105843
12847
1547554
21943
1262940
1334798
1325021
1204565
159261
1006190
1393141
1235976
404206
1343321
234758
268574
346848
1235400
1578465
1539466
1474777
1133154
1064929
1407974
1535643
1517259
1478160
1119563
1132105
252758
1395224
196843
1487391
1288823
1430632
1073505
1533034
1176331
1558486
1029329
1028867
1209455
1215013
1220621
386300
1326168
309877
1231276
1399396
1507425
1304391
1434938
1239938
146455
1444480
342487
1199395
376389
1432978
1358808
1199180
188424
1450515
1544459
39448
1317541
1082721
1137797
1588651
269410
1094001
152718
1515443
1516574
1099807
1253660
1121892
1278545
1449348
156731
1311805
1388847
274242
1364047
1292676
1021068
1444481
1176833
1244681
1371788
1179611
1042634
1092917
163655
1456562
1284957
346447
1158940
1018355
156335
101821
120890
1168949
1001452
1380982
1301821
1362837
1339545
1190856
1111754
1144219
1508217
1396173
1453825
1396443
1466750
116184
1021416
1256035
1169621
1299996
1069169
1591863
1288231
1572145
1077001
1238224
144615
1515448
1162376
1582642
1137367
1454304
101041
1000364
1297186
437222
1285345
314573
1556419
1029283
1593397
1460259
260136
1069123
1360291
1061300
1211159
11774
1312734
121717
1065180
280597
1398049
195228
1457876
204363
1577752
1105474
1166348
1389337
124048
1479341
199785
1345744
1515682
1378573
285558
1393130
1302581
1190419
120083
1077376
1171740
20049
107949
1076870
1502568
1395998
1021178
218577
1491481
1041444
155959
1455524
206934
1386782
1361164
1540294
1022690
215592
1065559
1200732
1459572
1390924
1323290
1149018
1332602
1068917
1151347
1437822
25263
1245119
1187160
1448622
1095830
1141088
1580930
1404532
373268
1126568
312754
1307015
1078874
189617
1381609
1321221
430512
1380293
1196814
418403
1172356
320970
1569553
318603
291085
1087401
213025
191281
116301
1272240
1380787
272145
1095508
1036227
1274799
1047725
1588682
1565980
14561
147032
1453790
1565054
330878
1016509
1591681
188089
1263410
1547724
1489503
1217147
1178445
1484684
1261875
1190386
1080541
1486244
187157
1465293
129648
1498670
12456
1322674
2894
1490789
1024400
259509
1066185
61226
1335883
1438590
29550387#1_2.028218
1580979
29550387#1_1.027264
1382836
1569197
1589580
1078544
1528507
1215727
1134312
106482
1387795
130266
1316514
1419738
385658
121377
1492868
250880
1424788
1157358
128691
1434493
1508084
1552987
267170
1302826
1247496
1318452
1090022
1261044
1368436
1244093
1418955
1345247
1128301
1417769
1452960
1378752
326914
1574539
1062560
1232194
1003903
1514664
1339483
363905
1408019
1171269
1102236
1345365
1016170
237525
1432900
1535789
1347838
1571006
1112234
247755
1330871
1216462
17385
1297672
1347877
373272
239395
13222
1197983
1014566
1033645
1348035
169275
382362
1434362
1481396
1116206
1283082
1428370
1582139
1365429
101915
1176917
1318464
1427402
59609802_1.027207
145932
59609802_1.031002
303746
59609802_1.026833
1465289
59609802_1.028326
1268093
59609802_1.027990
1550986
1046595
1116740
289406
197901
1510856
1535662
1317945
1011835
1065948
1340454
176014
1113343
163384
292478
124654
1045120
1052045
151598
457287
1432432
1421368
1438232
1449671
279798
1477218
1471784
1417933
1462660
1266954
1175582
1344891
194330
1293045
1561933
164139
1055053
1345191
1446015
1406953
1307192
25370
1312489
248902
1480013
1151562
1425293
148547
1059023
22505
1314844
1291054
1402568
1173278
1249179
1567135
1026618
1344838
276699
1092364
1022770
1154826
1049204
1084193
1142605
1104582
237361
1042028
1279498
1454663
1207570
272513
1358174
1518335
1333999
19021
422267
1221285
113932
120920
1279378
1257108
1347118
1434119
1310179
1254588
1090688
526263
264866
204445
1000941
1002852
170064
1567646
1410619
183965
1064500
198636
2271
1545327
1364034
1570082
205656
1204636
250530
225654
1043678
1299724
1215380
1567611
109963
1189195
219396
1199148
1360743
1346288
10233
132664
226726
146263
279376
1128006
115041
350375
1126863
1143971
268005
1017590
1191690
1349569
1057862
1045273
328996
1196571
1236535
1101854
1432230
1006516
1161542
1182732
1590959
205169
316541
1029725
1040907
1574277
1206150
1102065
1157898
1268029
1507759
1301484
1124170
339694
13207
1440228
368087
1371750
1406281
1212497
279098
418010
1488655
1494064
1515537
1203069
1072207
1327369
1400351
236447
1093260
1212149
150144
1124330
1315254
1311847
1137865
1522305
40120
128381
114042
1214356
1494933
193259
1401441
361960
168371
1356680
1206146
1003221
1528591
1531941
1178698
1104557
1521474
1346821
294436
1406453
1313516
1460632
1084572
1343127
1405406
453642
1108111
1067550
1134449
1098635
314242
1412979
1283519
268227
1521475
1524713
1221485
1480667
1348566
165506
1247647
1511563
1056923
264352
1273748
1492819
1058376
1296764
1390823
1215948
1198870
1354419
1035919
1251445
1454118
1039435
1413718
1190059
1396168
1511680
1003066
1389459
460897
215383
1138836
1498441
114230
1542709
1531893
15205
1478384
157564
1434132
1205457
1391401
1082287
1215379
1195992
1423086
1050384
1485982
1026468
1000796
1412446
1483185
1177598
1536142
1413648
114359
111657
1250396
1239617
1465349
257891
1311406
129600
1190579
1429325
448305
1433760
1079780
1541557
1593065
1228303
1194840
176547
1289668
1055441
1479841
106481
473666
20280
1081396
1429198
14844
1185506
1205902
1196710
1306140
1463825
1288790
1363378
1395464
186774
409770
1157380
268014
1334107
1369127
1096363
161851
1097944
1353607
121782
1200882
1394636
1244009
10590
169310
1265691
344237
1378663
1206916
1145402
17220
1058289
1048148
1475304
1150819
150877
1386253
1540311
1012556
1213031
1115461
1410084
1061480
326487
49501
250929
247013
1541182
163675
1333578
1072779
1480036
1150232
1503145
1159647
1210138
1532265
1546259
105837
1061016
1315393
1329799
1100238
433192
1121552
1531851
1464377
1417934
214185
15489
1554923
152158
1482299
1572637
1434681
1165359
1542336
237331
1020252
1516050
1394656
1482868
168201
1439021
1563380
368096
194002
1144523
146430
194218
1524397
1111024
1156550
239187
1003745
1220355
1277252
1327845
1005689
1539343
1000212
119243
1400413
1337388
328599
1483999
1352767
1015455
1459339
1100401
1138288
1316135
1322111
1412410
1249698
1469114
301197
1513181
1192075
1093585
1354264
284302
1340645
1062909
199396
1002193
1394113
1294227
1244437
19368
1235185
136875
1030063
336113
1135904
1031751
145510
140241
370622
1307860
1233319
1128368
1516303
1248291
1428192
1168496
1552992
1186504
103965
1523692
1452113
1048470
151191
1332873
1481589
205107
1086936
1405580
1393881
1036813
1292356
1323010
1183858
1543892
1163459
1542343
1182014
1196573
1083221
1046884
321392
252746
1492328
1563776
306630
121849
1373981
127318
1133200
1166837
1403369
282263
1180293
1336740
1166779
1327150
1412073
2611
1020253
1521525
192715
1491795
185909
1438941
212136
1171647
1198977
29550387#1_1.028723
1390345
29550387#1_1.030599
1114877
29550387#1_1.030731
1470333
29550387#1_1.027403
1283710
29550387#1_2.027972
1437228
1349965
1465907
1443576
1040663
335673
1407382
1105797
1059022
1153297
1367309
1146402
1207936
1552627
1560263
1333554
254223
1309004
1089577
120497
1427165
1080580
113338
22922
1165679
1281022
1323964
1459683
216734
1410448
1207549
1489670
1210621
1006130
290424
1250634
1393345
1377520
1218165
1312389
1350774
1142619
309385
138919
1426003
1075348
219455
1099530
103792
249023
188696
6063
1340806
1389449
1463819
1379842
1248965
1591919
1214053
1260976
10126
1295415
124241
1520115
1284844
1389452
1577734
295702
1319634
302715
14846
154118
1042087
1568220
1098414
406315
1072758
59609802_1.032041
1427042
59609802_2.025699
1530393
59609802_1.029342
1297415
59609802_1.027225
224708
59609802_2.026915
1424333
59609802_1.031245
1023298
59609802_1.028603
1309484
1529192
1441770
1352086
1507385
142220
1136412
428409
1102865
1556374
1335815
120921
1477532
1027190
444931
11141
113675
1094858
188491
1192746
1080346
1250553
1035231
1502206
1139414
1253520
1486413
1590353
1408018
1277038
1408341
1318519
1253677
1518520
1284215
1153979
230368
1569504
246344
1313837
1037678
1244116
238497
487740
293053
24806
1066895
1435580
1523371
1144474
1332197
500286
1024270
411840
1090689
1395832
1349825
1313262
1570635
1500699
1453402
1120508
266653
1379111
1476784
1434755
1270629
27983
1456971
1154083
1378595
1345353
189265
129390
1346580
1307518
1252817
1332139
170341
1363423
1209492
1503326
1488098
1009306
1312401
1483907
1350142
140083
256666
1301499
1315649
1570936
1522711
1076205
1193789
1369850
1071329
1505779
259508
200033
1187177
1254979
1142776
1065503
1093368
1038068
1054496
1548078
1169223
1055975
1085683
1312388
1484476
1273665
33167
1115360
269833
1485252
1060979
150369
1515988
1429259
138770
224636
1169880
1338139
1413221
314445
1352996
1343999
249725
1111786
1571561
1231668
1268799
1300085
1367589
290604
1137027
1192279
1270181
1127189
1077144
216882
1142508
1537019
1400984
22453
1001555
1438841
1135869
1098682
1309236
1099281
217705
1028933
1352626
104908
638365
1142742
1587816
1325903
1163209
1141358
1327295
1520988
361450
1167552
102476
1049146
1131329
196017
1071074
1136465
1419876
1367730
1232597
306327
104345
106450
1472387
1127591
1064345
126865
1389702
1176151
1340168
1274373
286631
1194322
328883
1309049
1273645
1578283
1349225
1501842
1021482
1338125
398423
1243296
182368
1288816
1426146
1302543
161587
20005
1462286
1187061
1223987
392684
134445
17326
205657
1276968
1045006
150968
225635
1095826
1566074
224270
1552176
1554102
470604
135645
1204999
1178791
183476
1053030
1189223
1176650
1386781
1265038
158865
1194507
1108478
1349779
1179610
1313817
1300900
1214895
1319007
265404
1187051
1530758
1119804
35602
1038674
1491875
1079465
1445925
1228557
1507426
1195498
323478
1270048
269660
1093751
1380056
22277
388977
1309665
325080
243217
1401629
1478714
1152058
218372
1393269
1125914
1558955
1157785
1497729
1114235
1210163
1062277
1203190
263395
1577524
265008
1206719
1031976
1019270
1288383
1504516
1388001
1294004
1018564
1268030
1327195
178066
213721
1311978
1280380
1086530
1539681
271833
127571
1480087
1057340
1096009
1109842
1573996
13526
1333804
157075
163088
1393284
1112230
242151
283171
1060430
1244909
1106400
1438182
1047824
1230161
1202719
1350484
1499968
1414501
1378592
116844
229766
1275639
1152600
1253643
1529102
1250824
1128643
1375677
1266529
398825
1499015
1093141
1455523
1313580
1303872
1115578
147730
1146213
1135576
1037309
323931
1532459
1375680
1370835
28372
1092351
239234
1225640
1296174
102504
205431
1268752
104651
1497037
1207892
1210961
1448623
1425096
1256145
123050
1123087
1229628
1109825
1361935
21626
196898
1187876
1260964
1319008
1133065
184299
1073121
1023726
1226181
11638
1372427
1253000
1580061
1121738
1257633
1288791
1220104
1178716
1427792
1379950
159377
1192733
219598
1366085
1191029
1158660
238370
1538246
1500549
1231804
1180408
259586
1353959
1212870
1367528
1428855
1140577
112351
1263922
339643
1203068
1150836
322121
112350
1084843
1486005
1406952
1548633
506094
1415534
347830
414249
1140862
1162793
212212
1254342
1540310
29172
1186406
208978
1353094
1063063
1349436
1319580
1188416
1002557
1096630
1445914
159661
1101449
1255591
103718
1152697
1584932
1525439
1067366
243650
506683
1003352
1171321
1026685
1274754
1204123
1371628
159662
1261684
176054
1281961
128994
1178838
1019349
1030269
109407
1067207
157946
117429
1556116
1138879
1340151
1074530
1143954
1250760
1493567
1403416
285145
1502805
1141930
1235522
1064657
110188
1029579
1242296
261109
1270511
1220559
1450942
1327567
620642
373076
1542540
1183626
173874
1273971
1423233
1352755
205807
1553434
1210498
1266953
263918
1508371
1379163
1219222
115126
1344130
129946
1376236
1310622
1294272
264718
1268851
1006345
1054101
146152
315425
221348
1019725
1553467
1103712
1373733
1308266
1187465
1302805
1300791
1358922
1123236
1045409
1454696
1542076
1532295
1447340
1060689
1401582
1148159
1201139
1288599
1272719
1160055
1584856
1012890
295523
1510975
1448795
181442
428346
1209112
1108144
1477945
136079
1526553
1487565
1125969
1368603
1214715
1348414
28566
1046391
1479364
164106
1248966
1004685
1299269
1485785
1090916
1220407
1050319
59609802_1.029461
1121894
59609802_2.027196
1227524
59609802_2.026736
369724
59609802_1.027464
1122109
59609802_1.032167
1247612
1428426
1095436
1553094
1253448
1507058
1378613
1473096
181225
1144058
1335567
332300
1308759
1155882
215112
272388
1321648
1536585
372029
1257908
157057
149573
1517197
1075616
1139049
1265330
1424929
1211573
1090573
1442431
1291849
1227122
1164146
1204037
1265900
132166
1281220
1014527
212524
1462245
1547623
1336834
1007374
1431826
1322245
1568627
1349722
476121
116768
1569005
1459448
1503967
1292550
1468746
1159823
13662
1536709
1089086
1032965
208273
1298328
124475
127979
1295017
1269037
1299925
1390068
1267341
1490484
1121702
232234
124196
1553378
169071
1456001
175920
1138948
236627
374974
14394
1030818
1530520
1003333
1276292
179121
1521611
155999
1225218
1190828
1533690
1230271
1492735
1475200
1295920
1108135
1301899
170065
1534390
1589213
379361
1143681
369693
1427901
1081175
1079342
1362696
1087256
1462244
1495194
1144059
1122286
1353186
1428761
1067652
224767
288381
1233958
246630
1393098
301202
1237061
288731
1155437
1099672
1056657
1543216
228729
1294673
1222571
1508011
1171340
1405733
1582507
1481220
1077116
113629
1117076
1009125
1445831
1115757
1159750
1176299
1420987
1010552
352668
226226
1004226
1143450
1010419
1548257
1156545
1508970
157836
103790
1037886
1378197
1047394
1114543
344339
101559
1079464
1426794
1356005
1086084
1270894
1111880
1547094
1187999
1082665
1226058
1277184
253111
1268668
1277287
1122791
1182657
1459796
1038222
273675
1254087
426647
1093903
1349130
1411661
1332541
216147
291461
119495
1282763
1244813
1209537
1384147
1584453
1108761
1241567
1346540
1138835
390501
1108578
107985
28148
113836
281973
1387081
1150053
1227284
477791
1458010
1264346
1246421
1094107
199839
1237576
240285
1438298
1398648
217401
236599
1120247
1543714
1458665
1218719
1336252
104945
1515063
124197
1262918
14032
1431548
1272562
1189658
1390035
1385049
59609802_1.026570
1390473
59609802_2.027790
159883
59609802_1.032165
1276076
59609802_2.026299
22132
59609802_1.026009
1121884
59609802_1.029311
105443
59609802_2.026682
1590454
59609802_1.026517
225032
59609802_1.030577
1464292
59609802_2.027114
150691
59609802_1.031127
1586312
59609802_1.026169
1149432
59609802_1.028742
287
1584774
1099291
1347737
1142863
1375213
126622
1568626
1108804
1541292
200244
1227098
1011610
382314
339053
1144473
1471339
1122893
170433
1463180
265139
1258302
1388795
29550387#1_1.031472
1212099
29550387#1_1.031751
400713
29550387#1_1.026711
1130178
29550387#1_1.030186
1475503
29550387#1_1.030061
341637
29550387#1_1.027947
1317395
1587145
1586180
1502273
1266071
1115880
1400939
1079691
1246419
1466025
1082664
1308183
1471915
224276
1531223
1274967
1111096
1285910
110405
1347882
1388920
174271
334223
1253260
1376181
1083957
1075501
1085134
1389620
1387621
1097083
1043030
1409855
1189949
1027829
1193137
316405
1137516
1068879
186541
1359360
122914
1573625
1457559
1534268
1213755
1196270
1511294
123981
1120298
1192151
1433738
1000823
1070546
1206525
203859
2565
286676
1109260
1248735
248253
1182207
1083463
1520827
1474801
1102612
207177
1464919
1563402
1009293
1314176
1272752
1448748
262119
1358653
1335346
1087821
331783
1266357
242272
165149
1070320
1548956
1381563
186146
1407862
166505
153684
1562191
1170031
1013113
1169772
360311
1164767
1001321
212794
1391258
1574919
1237055
170510
1352408
1231862
1013955
1422453
1044651
298183
1436623
1383316
1137365
1156281
1246395
290942
1393129
1089280
1062171
165090
1466944
179561
1327019
1332723
1403563
1085726
1236110
1048764
1488899
1262975
175696
1352806
1312862
1284033
1514560
227031
1405384
263980
1266072
101643
1170788
1036057
1013303
407040
1171987
289107
1540805
1325060
1222569
1210765
176604
59609802_1.022895
1066904
59609802_1.022938
1442196
258128
113186
1420735
135865
1101978
1080245
1180230
1394319
1445626
1171497
1183198
155985
1415051
1415561
235326
1455438
1383315
1344832
147374
1053878
1084153
1265532
1432564
1093709
219169
1218812
121041
1484909
1416707
1054435
1221532
1075591
1275580
1388622
173217
1479756
1187330
1147959
1389650
1362032
1362522
1413220
1045660
1454229
1377122
286105
1487858
1329766
102160
1407497
176123
157688
1272864
1168020
1436990
1406280
1422880
138682
1399869
258618
1470436
1398847
1044789
251588
1270147
428
1314412
1242505
1091773
1559627
107325
1001503
1037469
1389171
1300585
1137139
1556916
121469
1259333
1165618
1181286
1195400
1107884
114371
59609802_1.026757
1419054
59609802_1.025743
133433
59609802_2.027987
1239436
59609802_2.027234
1111216
59609802_1.026541
1576532
59609802_1.030091
1397582
135499
1490121
1145714
1394536
1026145
1268725
136876
219161
1279530
1049358
1460641
281875
1587556
1567059
1076503
1155151
1167891
1528559
1292142
1511681
1239041
1261987
1455142
1138498
1534673
1575017
1001109
1206419
1249528
140714
13096
1531340
1412088
1573473
1177957
1562937
1182381
1272770
1278641
252656
1342308
319903
222473
1497880
1274531
16112
1247365
1331281
1429604
105560
1078355
1172596
10241
1392037
1048838
1137755
1392286
112211
1138259
123289
1255928
1066497
1091493
1450258
1292134
1076145
1125536
1376359
1068316
120957
100017
1270996
1562709
258004
281970
20195
1487049
180804
1398125
1352117
1589836
126673
1562691
1340529
1248743
289740
1521039
240414
121861
1466631
1078831
1076575
1558198
1109841
1147829
1376180
1249663
1496565
1236131
1327632
1093722
250529
483131
1125527
1363657
1296178
1113823
1511922
1508450
1213171
1248538
1257144
1030286
149745
1421715
1492574
104028
1433424
1162382
229699
126410
1542374
1506775
1047248
1421225
1125031
1179832
251838
1586741
1004915
1125821
1088972
29550387#1_1.025119
1093967
29550387#1_1.031807
1344746
29550387#1_1.026526
1544355
29550387#1_1.031700
1523376
29550387#1_2.027072
1478986
217935
138536
1070835
1193228
1437512
188893
1565347
120189
1387042
1193864
1389394
1390898
1327905
172660
1569004
1228127
1122894
1576196
1276101
1114015
35058
265998
1211572
1077404
1543490
373515
20816
147432
1143691
1536011
1232004
1451259
59609802_2.027471
136218
59609802_1.027340
1073354
1184339
126161
1573574
1533013
1142788
130164
1130084
1412605
1553420
1203179
1463192
1459874
1022049
1027342
1097525
1437788
1514919
1319807
284766
240012
156277
1036188
1495753
1117504
160914
1078220
127469
1144031
236224
1164739
1003998
1244938
1512875
1336475
1189741
1147567
1476286
1030531
185191
1075372
1089644
1243514
138560
1517335
1023086
1208276
1511302
1156707
1511913
1224155
290009
1387128
142847
1421176
1258444
1525327
371354
1229232
1197378
180532
1574033
1400387
1477948
1269024
134025
1100768
1249593
1135949
113617
1456598
1415195
231279
1414783
1129442
1120109
374406
1136726
1277907
1234104
1464575
1383772
1411730
1345918
1447173
1265719
1309632
150092
218292
172036
1123315
1361107
1299516
1250128
121950
1410083
1094762
1292285
10909
1213197
1267431
1069634
1380154
112510
1099691
18137
316685
421287
1421251
1102577
1049599
1514750
1064928
1284520
1502497
1046770
1184206
1205047
1135577
1334724
1228521
1110776
150143
1280359
1365753
1559925
1285196
1070547
1004254
255066
1315253
1478108
20851
340762
1148775
29170
1183030
1252075
1110157
1446683
170747
1344524
1255805
1371752
1412279
1490716
359751
1215542
1395580
1122034
16599
428425
1412101
1474455
419918
1426079
1432833
1302825
1320910
333311
1034659
1243568
1010976
1438136
1372237
1185794
1588418
1184448
277706
1304807
1166268
258906
1328589
1493712
239699
1207620
1422181
1351002
112599
156714
202883
184380
1307876
1336908
201443
1408508
1316063
1109426
1547216
1427862
1074248
1289766
1302334
1235011
1181278
1448193
1210195
1204725
150145
208944
1409388
1572723
31640
160264
1445566
1224906
1560901
112508
1365913
1371891
1109261
1141696
215629
1192280
1111848
199931
1230263
1216157
1447232
23643
1506930
230036
1048110
1549400
37193
159281
613341
197245
208752
1499949
1499014
1330328
272547
1148149
1560966
1208651
1037270
157305
1275626
1297344
1175487
1233709
1147379
159694
1145845
1251972
1521473
1219361
1038426
102159
1351849
1352490
1329819
1121676
1239936
1454397
1153945
1360106
1260529
1439698
1429182
1009118
216721
1413399
1172851
1019659
1103808
137967
1241066
1581925
1523558
1007354
1450647
1318002
1224040
327892
262271
1555101
1560398
1459017
178810
302882
1555273
267833
21880
1174645
1494215
1570201
1276954
1052559
1111389
1102542
383439
1286475
251185
1366956
171900
1405686
1540748
1563037
396672
1345370
1095015
124715
1448791
399024
1302141
1486039
1372062
1059264
1041829
1509087
1413423
1274916
1240214
45466
1101595
1329157
1191706
19269
1389338
1167584
401715
1020870
1170789
1054881
1024986
1218646
1319398
1003674
301196
1505808
118852
1022441
1042311
1114712
1519000
102541
1498097
1278416
35001
1308196
1017307
229150
1104831
1104726
147284
1199815
1274372
1058444
231840
1430158
1352958
171930
1268009
1088853
126491
1536469
1070242
200238
1199197
1032412
1262310
1058569
1063090
1374228
1477384
1249601
1355388
1351242
1538918
104811
1289782
1264906
1592280
1316610
1412687
1526829
1314565
1277175
1577492
1374962
1404041
1303584
1294282
1574709
1560418
232459
1532850
