1181180
1511784
1523911
1488067
1163909
1205985
1532028
1503631
1521791
1012029
1135072
1267291
1173020
1383062
1147452
1143555
1077197
1003215
1228749
1331999
1203036
1420502
1256688
1101980
170449
1386777
1201850
1172625
1196377
1171951
284131
1069429
378159
1372647
1398946
1113452
227144
1036088
1256832
1490631
1503814
1550749
1552119
1507348
1148945
1480389
312118
138007
1238529
1046534
1000868
1485184
1165829
510447
215557
1555330
1198705
1172103
249675
1219786
1061817
1016623
1403124
1159596
1266876
215593
1462292
1573706
1441917
50364
1339238
1512770
1308970
1157478
224182
1004102
1425082
332589
292334
1469435
21715
1193274
134283
1066742
248980
226066
309500
375468
1500690
1495163
1294298
218488
1159722
1567342
126358
1226648
135931
1499430
208035
1400329
15060
1227128
1230646
401363
1294621
1337270
1173021
264083
1091374
1299264
1436379
513923
1316488
1101709
1442408
1371390
430822
1036396
1295015
1535848
106694
1392167
1238737
1316182
1579890
1420355
125658
1178194
207633
1244785
1062869
197488
1561034
1313933
395061
1519992
1322985
1089404
194691
1278608
204580
1217005
1538542
128624
342486
1270639
1255601
127218
1510144
1260369
1223748
1087532
1537212
1222711
319952
1283390
1377485
1347613
1222251
1067272
319581
1088182
1298233
1439658
1459572
1162674
1170713
171106
117141
1494326
212293
1080164
1435598
494703
1446491
145928
1049866
204944
1332059
150903
312896
1271354
1169959
137616
215219
1337471
1086386
1478886
1368896
1157258
125337
1300611
202802
1157211
1413565
154642
1551835
343975
1492177
1178935
1321410
1395648
281381
1519703
1150261
1345716
1323290
115461
1091946
1507336
1076392
1573729
1434449
1253000
1310979
1293209
1500110
309179
314134
1223988
1250812
1378330
1167592
1409088
1177598
1288220
1156286
45350
1182076
1258615
1234203
1056497
1574533
112212
1450903
1417613
1099222
192866
1273959
133921
1306053
1496624
1279167
1274297
1145827
1135617
1393834
1172989
288731
1138289
1573373
1422749
158126
270951
373268
1143554
1463727
1526847
325277
1414954
1059840
186146
1495067
1237056
340049
1380015
1116410
1481589
1122375
1417670
1172356
149132
377707
1403564
364494
707598
1039984
1474853
466992
1211495
1571988
1306580
179176
1059872
1500143
1564282
1526469
334223
140331
1527459
376389
160545
384838
1036227
1107530
209751
1358808
1517436
1370835
1115344
102214
146533
1210305
1366817
1466861
1061563
1501689
1158280
1503660
1171078
1240012
1192733
350375
10279
1468109
1244457
1212497
1183482
1221532
138770
1461133
1033432
1507425
1056018
1556789
1318038
1018944
1476222
1067190
1099561
1026915
294331
232434
1368617
198863
346843
1190157
225467
143237
19442
1030479
1456838
1402876
1009429
1059297
132047
1150863
1559627
1592371
1357314
1102065
1368722
1520827
1164651
1066657
1003866
18689
1579957
1434435
1049391
1062926
1457502
29550387#1_1.024956
351673
1300830
171267
1209455
1112750
250792
1416989
1224042
1430632
1522305
1124170
257891
1206916
30315
1217930
224276
223059
1043079
1501094
1003493
524868
133485
171282
1243698
1232185
1206264
1041020
1532912
1348148
154074
1217148
1277287
1511783
1201999
1036442
1040758
1086991
1282514
1211112
198171
1294993
352722
1104831
35602
1469061
1002193
1135952
1503175
1393130
1075881
1459004
1244909
142670
1273033
318296
1344752
1422949
526311
1300496
1300078
238073
1081339
297916
116918
1108579
1406306
1340447
160496
1278638
251202
1405407
1178445
117447
1491683
1144220
1073317
1137027
153562
1489477
1022948
150145
1101601
1366244
1415262
279098
1203068
1538295
1013068
192819
512572
1276007
1268176
1521475
240659
290919
1529609
1485708
1417554
1157026
1569986
160167
1464123
1221485
362290
1288791
197183
1302143
29550387#1_1.022105
1539136
266327
1276965
1121968
1481697
1142062
1229331
1364575
1413947
294261
161933
1124583
216956
1272566
1340265
1163896
1491984
1372250
1547216
289952
1573625
1166258
1001503
1165134
1097567
1526088
1024494
173217
184899
18638
169310
1279662
1291657
1238666
1498373
142846
1060522
156714
1314176
102670
1334459
1475014
1480388
1172746
1160028
1556419
1216220
214379
1024987
1301901
370662
1208199
1022611
15205
10378
1542709
1463890
1087177
1489558
407003
1158237
1107020
1456576
1047666
40044
1061777
279830
150213
1356673
1187160
1449958
1508486
1427961
1262608
1247647
1260480
1573336
1072761
1304209
1427235
1477079
59609802_1.025842
146142
1126048
187399
1274446
1098122
1361038
409770
59609802_1.022938
202916
124490
355846
131611
1529846
127079
1015567
1555101
104658
1282617
461400
1341927
1176409
1102219
1250299
199156
1269888
1227666
1367589
1485399
29944
1428293
1554058
103924
1578155
1399911
120962
196299
1338833
1053938
1047153
1532366
361191
1432817
1274016
1418434
575501
113474
1553934
313663
1407737
1502312
1196528
1028096
148814
1520968
1134611
1440848
1387442
1579064
1336723
1454194
1298746
235967
1037901
1390760
262654
1346347
176215
1408382
1137203
1567821
1103882
1271674
380746
291397
1202990
1400121
1102883
1087521
1128435
1269236
145526
265752
155679
1392892
1433889
1188393
1220805
1428632
1020484
1512719
1346228
1217241
1284610
104450
1086762
1506945
1074720
1383561
216555
1097751
1151448
1043482
1012223
100444
1002406
1316484
107042
1470143
1064469
1490207
137394
28431
1000053
1241786
1421752
1263941
1176039
1103075
1515227
1240591
1130432
158864
188317
1261447
101513
1521854
1195330
1462830
151791
1207148
1130377
1038010
123099
1031872
1202756
213413
1010275
1292772
1467635
1229578
1204840
1276973
1323738
1403623
1137922
1159475
1501130
275487
1294750
1112018
20022
1107655
1547424
1064500
30258
1403058
1162777
1452522
1281946
1090355
1502630
1001718
1383220
1083278
1327846
167070
1573576
1065471
1150114
1439327
300925
1559065
127909
228731
142434
1494258
1109552
1525383
1347969
1549482
1247255
1207259
1524093
279798
226219
1382171
1505047
1528506
1192690
283622
1538642
1043423
1140801
1309388
1225588
22916
1389395
292032
404447
1470259
1228452
1183945
138558
1439323
1334952
1028154
1462028
1004100
1483992
1567865
1039819
1359248
302181
292478
217941
1032947
307488
17220
366934
1002366
1331924
1007118
1336867
1181122
1398794
1039404
1377856
1132699
1302447
1469003
1299166
1510490
1280131
333183
1493831
1098520
256294
1159823
1158525
1147567
207825
1053888
1369851
117599
1080581
228137
1290144
253688
1373230
1526402
1184637
1252098
103570
1083551
136645
1532265
1358283
1311805
1265449
1237576
1542031
1110467
1218988
1060689
1040686
1479551
1202391
1198784
1530265
1150595
1174580
203392
1430517
1176917
1430839
1365429
1221698
1468286
1118167
350410
1479596
1032528
204139
1186343
498344
1289308
1100657
1153917
299047
1101946
1084409
560900
17647
180521
1519058
1532914
1481397
1263942
169979
106327
120921
1481024
335673
356235
1378989
1010976
1108274
286173
1058291
1150819
1443050
1148939
581055
1136551
191675
1236681
321656
1397794
1042132
1093872
1442763
1164018
1245287
1229301
1168417
239756
1492821
1500599
203360
1500714
1087146
1142722
1171867
1026166
1341532
1397582
463646
1579637
1440611
1045019
1217687
1055851
14252
1515433
1519641
1139461
1154629
1555749
1333579
233902
457287
1181155
209888
1426725
1049146
1041704
1164430
139006
1372833
1175582
104391
1148725
1402598
1371490
1250348
1084427
1251596
1480156
1375380
1112678
109043
1505357
1182586
1517196
1347099
1348106
1220491
1428657
1018999
1100273
1060465
1253185
1500968
1568686
175984
1375376
1535790
1122170
166111
1466321
29405
173764
1197822
36357
241468
1137139
1145403
1285898
1019725
153555
1493145
1159647
178482
1224686
1313088
1280133
390329
264348
297897
1210118
6063
414249
1260535
1182188
1113375
1253613
1258863
1177746
1190503
1034235
1590782
1516219
447917
1477338
1209370
142544
1443576
1292676
411554
1079422
1050583
1410619
251828
1193789
309948
1427164
1009097
1445927
110813
1278036
1387023
1292269
1296973
126732
1543143
1214053
1409423
1241956
232920
1011388
541286
1323769
1504611
1004624
1371753
11701
1288360
1440202
1084843
1011973
1421368
1322847
1320679
1048148
1484184
1033935
1376298
1169223
1515915
1357168
1267582
1478986
29550387#1_1.030061
1388795
29550387#1_2.027254
136713
361747
1583136
1408399
1456891
59609802_1.031275
303746
59609802_2.026915
1485339
1142046
1390314
1271447
1203446
1555789
289519
1015656
1264520
1391014
177544
1428573
1436206
1491741
165016
1451017
1231335
1321416
214565
1054255
1045449
1056390
1459226
1290154
1389171
1119966
190865
1098527
1523688
1212129
1071329
398538
346687
1107926
1061683
1464130
25030
29550387#1_2.027132
1592953
1375146
406594
1209403
1078361
1118263
1542275
59609802_1.027464
1427042
59609802_1.026071
1544136
59609802_1.026541
1590416
59609802_1.027990
1473236
59609802_1.032165
1490121
1259487
1268770
192533
1124504
1553420
233788
1514664
1077389
138560
1435169
29550387#1_1.030731
1182985
29550387#1_1.031751
1592828
1064886
1462175
1514110
279558
1497473
1055298
1094969
1259230
1346628
1346915
1378004
1292549
119578
1393345
1113871
1583273
148547
1244506
1349664
1312121
1139925
1289034
1003559
1492676
1116172
145843
1466410
1226879
1428523
23224
29550387#1_1.028723
1271675
29550387#1_1.027986
1319943
29550387#1_2.027525
1154288
29550387#1_1.028146
1215011
1218055
1191393
490503
259352
322121
1106710
238048
1299269
156908
263918
1288080
1430856
1044263
1350774
348698
1273529
245980
1469419
453643
1474574
1574060
1116749
1112338
1094801
59609802_2.027196
1587758
59609802_1.027207
117287
59609802_1.026833
1411730
59609802_1.027225
1417630
59609802_1.028269
1043630
59609802_1.029729
1088279
59609802_1.028742
1459448
1043562
1352
1552668
22849
1349965
1328674
1173278
146195
1146402
1094762
131336
1179555
1176572
1222671
1265940
1278588
1052045
1045120
1229134
1560916
114504
1527111
1113752
1396685
1018544
1320910
1209772
1408224
100509
1249407
1389017
522889
240344
1386253
383690
1002760
153584
1396627
1004745
1457039
1091605
1323331
157499
242834
1449672
1203808
1389449
1481021
1210108
1065707
372667
1272740
1411585
1239899
1221667
1548895
1339734
1190200
1587556
1220531
1556374
1287233
1145961
1199668
1415816
1296262
1240235
126568
156891
277379
29550387#1_1.027403
129318
345480
1334824
1406953
1019968
1137517
1081354
207300
1155226
25367
1578444
59609802_1.030080
1254527
1178155
1434562
59609802_2.028129
1592972
59609802_2.026299
165204
59609802_1.028614
1176048
1536119
1478742
1592727
1125760
1552206
187454
1116382
1147311
271692
1348311
207744
1141201
1435996
143930
129390
1312585
27983
1582952
1005019
1123509
29550387#1_1.029852
1346506
29550387#1_2.026941
32681
29550387#1_1.031934
1557172
29550387#1_1.031817
1335440
1394218
505042
1001692
117281
1178542
328423
1562593
1356319
1291054
146430
484115
1232398
1547756
1003097
1176151
1583988
1437888
1584396
1008759
1178765
1511189
211586
239786
274242
118046
1222802
344900
1180850
1130800
1367030
29550387#1_2.027972
1438079
1027211
1054123
29550387#1_1.028098
1344350
29550387#1_1.028524
1551186
29550387#1_1.031472
1264214
1413885
1275957
107660
1567427
1168757
1453397
1069800
1185066
1290052
1406830
1309049
1347877
172917
10383
117763
1421579
1106799
1044732
1081023
1022713
1571008
1234452
1396918
1182259
59609802_2.026682
1156550
59609802_2.027114
1583397
59609802_1.029342
1349410
59609802_1.028470
1447272
59609802_1.032046
226954
59609802_2.027790
125866
1117433
11108
1324422
1402418
1504683
1190177
1541182
1184395
1471789
1073234
176054
1411549
1511913
1103927
1178503
1260042
1259593
1282815
120140
1462660
1367885
1366641
1578578
1388913
59609802_1.031127
1115753
59609802_1.027743
1053227
59609802_1.029147
309395
1453391
1297515
1454062
1144081
387667
164411
1277125
1251330
59609802_1.028326
227142
1510318
1472157
109954
1439199
1068347
1075456
1285256
1303759
1194322
356600
260256
1008007
1378325
1080744
1035200
290571
1102978
1279401
215734
1139048
1468283
1413620
1144059
1283154
201714
1402553
1016538
14843
29550387#1_2.027072
1039058
29550387#1_1.031700
180532
1253547
1444812
1344760
1461314
1197614
1111504
1417935
118933
1108144
1138940
1299016
1369391
1388411
1586237
308160
1034659
1218719
1329536
1069316
1056002
1113301
1126827
1307215
1078078
273400
1406939
1387700
1094807
1299923
1403871
1048978
1544864
216808
1249536
1248127
1503833
1357213
1023750
1223619
1198430
1086486
137297
59609802_1.028603
1308217
59609802_2.026736
1356539
59609802_1.028175
1523172
59609802_1.030313
1433657
59609802_2.028131
355473
59609802_1.028437
196479
59609802_2.027901
208506
1081384
1211741
382314
1474082
1040215
244756
1189434
1029619
1432766
1217619
24491335#2_1.032199
146633
1331912
1016903
1365913
1285388
173058
125457
1368041
1548123
1178698
313669
1416615
1454266
37193
1383279
1535643
138342
1459340
518765
1465647
1105659
1290452
1032783
1478160
341896
400347
1412446
1183925
1347598
258004
59609802_1.024903
1444481
149758
1171340
1306104
1453673
1285345
1263744
1251390
1114792
1182563
1551337
1133656
1059871
1466025
1347875
29550387#1_2.026586
45695
29550387#1_1.029159
281974
29550387#1_1.024906
1507495
29550387#1_1.025837
137620
1383808
1244009
417518
1173523
1576899
274845
1376071
1291939
227985
1233959
1321721
1141197
146644
1573948
1318002
1171950
29550387#1_2.027606
126492
29550387#1_1.025167
1552176
1264273
1058377
1224342
324816
59609802_2.025898
162826
59609802_2.026328
1573852
59609802_2.026096
481495
59609802_1.026716
1324355
59609802_1.022800
137384
59609802_2.028121
1418477
1091737
11057
1055587
115460
1113530
1454224
19659
1046774
1195226
250941
215239
1393881
125590
500981
59609802_2.027941
1237925
59609802_1.030094
405945
143842
1499720
1038802
216721
352942
1020583
29550387#1_1.025229
1313964
29550387#1_1.021851
1273748
288644
1540551
29550387#1_1.024398
453517
1461505
1316063
1579479
1528591
1391128
1416665
1477534
1225165
1240089
1521401
342192
1445566
1212616
1210039
1538734
1256542
1242109
266897
271447
144733
1012351
1156796
271457
1328376
1034520
1300610
1414181
224743
1026522
1426343
10099
1082279
1028991
471002
1215972
273748
1039956
1325314
1273711
1129678
1205877
1548956
1113631
156691
59609802_2.027001
17162
1174035
1007101
1151528
345508
59609802_1.026100
1365604
1068316
1118041
1025788
1575020
112917
1052935
1173873
1446281
1328466
1344088
1136872
1492352
1220168
1081057
213024
1453872
1043070
1370300
1087746
1309147
1196645
260448
1016379
327025
1467789
1057727
1184613
1566074
1448411
1352117
29550387#1_2.025706
13081
29550387#1_2.027591
1539681
1480183
1077117
1352249
1486044
1133783
1547554
59609802_1.025752
1153263
231902
1400328
296480
1252044
1554265
1383125
141944
139625
1087058
1230654
29550387#1_1.026321
1055721
29550387#1_1.027988
149361
29550387#1_2.028084
1522338
29550387#1_2.028044
108719
29550387#1_1.022372
1499969
1515681
1115484
159072
1283774
1142447
468664
29550387#1_1.022236
1120823
1460834
131369
1829
164886
470757
1045215
1241794
1020846
1410187
1293235
59609802_1.024795
1440066
59609802_1.024895
1334835
59609802_1.025456
1402004
1170896
1331130
1116162
219764
1053121
1061365
1301713
1306273
1576460
1317894
59609802_1.022773
1028777
59609802_1.027306
212013
1473018
165149
1507547
236855
1169990
1407551
1049921
1394506
1365758
151191
1293146
1202126
1577027
1360109
164200
344091
242337
1395437
1447656
100891
1436427
1084174
1135136
1014367
1085354
1273678
174153
495654
1339166
1258562
259138
1010191
1224862
57868214#1_3.028080
1194439
240291
1475241
1329766
1311847
1128282
1383421
1000315
1321279
1027449
258477
1331102
1016895
1529292
1334584
1184362
1249677
1181278
388977
1012933
1178300
1285197
1249193
177416
148243
57868214#1_3.027263
1282382
57868214#1_1.030793
241060
57868214#1_2.027274
1275136
57868214#1_2.026902
292690
57868214#1_1.030100
438927
57868214#1_1.031477
1559177
1083056
1009591
1330854
1025063
121308
1546652
1196270
1500549
1142934
1575637
1326869
1412410
238938
268069
1110283
29550387#1_1.024371
524216
29550387#1_2.026237
1251945
29550387#1_2.026409
1030063
29550387#1_1.025321
1402052
29550387#1_2.026870
1448792
29550387#1_1.029461
1105320
1579504
383439
1064425
270736
1144398
215137
285293
183476
226281
1257162
1366057
1351896
264996
12940
1107937
1375263
1337388
139387
29550387#1_1.023931
1537595
29550387#1_1.023084
103965
29550387#1_1.023380
1565982
1227367
1121564
1567850
1533016
1321082
261944
1474855
1098110
1342688
1098903
186367
1086031
220015
396783
1256222
165663
1393308
177364
334548
150519
1084595
1094107
557116
1147472
59609802_1.028850
1363123
59609802_1.031249
10909
151945
188066
1571373
1354725
1180892
1111848
1058889
1558554
1566696
1167837
202640
1201298
1512445
1582361
1346288
24386
1558809
526394
1401929
1079961
1466926
1479816
1387188
181305
1378595
111539
1346580
259686
1458431
24491335#2_1.030139
1495745
24491335#2_1.030201
1118458
24491335#2_1.032255
1480678
1479131
1055454
1356049
1570432
1305140
1135073
1573593
59609802_1.027192
1473670
59609802_1.022895
1430425
59609802_1.022722
1429857
59609802_1.027968
1047725
59609802_1.025700
1384907
59609802_1.023084
165011
59609802_1.027242
1098059
59609802_2.026338
1172933
1341149
1367086
1045106
1367565
1074530
212548
57868214#1_3.026973
1065723
57868214#1_1.028061
1427650
1083360
1177943
24491335#2_3.026946
131406
24491335#2_1.024348
1414493
24491335#2_1.023236
1064227
24491335#2_1.025971
108789
121046
1167357
1282942
371034
1284975
1415746
1164350
1512512
1288599
1075805
1275706
1207397
355539
1243295
1490074
1252456
1055802
1465672
232916
1388848
39112
1330930
1256045
1178609
1128364
1113669
146357
295739
1575497
1085777
1171423
1060845
1102658
1468368
1325781
452791
1060772
1341616
1529147
29550387#1_2.026309
1035252
29550387#1_2.027746
1367161
11152
1040981
1085872
1308521
1257108
191203
104712
1543939
1076206
1273668
1137684
1577895
233913
126750
1232847
1482756
1086305
1117539
1422675
1085772
1255612
440709
29550387#1_2.026805
41238
29550387#1_2.028218
1457291
29550387#1_1.027667
1165534
29550387#1_1.031390
1118225
29550387#1_2.028265
1389306
29550387#1_1.028320
1409578
1428219
1585778
1137109
1025232
1132904
1062946
1177029
361357
1006128
1219031
1324417
1429241
1391086
1016483
1273054
163261
285167
666701
1178246
1372309
1542737
300211
1455142
172646
270027
1345943
1537376
1262732
1476370
422267
59609802_1.032167
1078925
59609802_2.025699
1218905
1038148
1256462
1055212
1350824
1274015
1442089
106483
1182005
198419
295687
1373677
1155542
1585881
1224402
404527
1492420
1336804
217337
1370621
1483704
1265820
1293155
19114
257823
1278470
1407072
1279177
1565851
1113101
1283998
215662
1337073
1205879
1466998
59609802_1.031002
20349
59609802_1.029581
1163963
59609802_1.028129
163751
59609802_1.026169
1036796
59609802_1.024967
1494362
59609802_1.029058
1522046
1488230
1212911
173744
1357554
1048012
131075
1254548
1215975
270795
1378068
1099531
1057318
1523638
1110758
1411150
1557719
51196
158825
59609802_1.026757
1098750
1388175
1548853
1200046
1333770
1473270
1200708
193029
1373528
29170
1290531
1475662
57868214#1_1.026618
1558924
57868214#1_2.026042
52648
57868214#1_1.022765
1191700
1012556
216670
1556162
1042037
172861
115568
1468180
1124613
1541205
290009
1442705
1045569
1579393
1351713
1140466
214256
1429768
1387441
291479
1124874
1463094
257082
1424310
1426080
1368229
1425305
1095297
204880
1510359
51153
1572996
292214
1525227
1527347
1519413
1225758
1246638
1302959
1470598
59609802_1.029706
1291214
59609802_1.030755
118378
59609802_1.026286
1474814
1176611
1162492
1065355
1180382
1461386
1318648
242229
1075284
103428
1022439
29550387#1_1.030186
259843
29550387#1_1.030599
1377850
115675
1053535
22505
1117915
1120064
1269127
121266
1136040
137249
1079423
1253696
1147578
109622
1291672
1523572
172660
1592743
1283368
1407736
147038
384841
1135489
1504994
1492327
1384611
1240345
25263
1486413
1030887
1274328
1123638
1312401
1461359
1401287
1145613
1221066
1521316
1122297
236
1419686
1009306
1443490
1435852
1116026
132965
1019259
1076279
1101523
1488655
1089217
1043166
1180408
1440456
1470436
1435501
1190683
202588
1179661
57868214#1_1.032068
1247532
1579621
33722
1085683
1247019
1241066
59609802_1.022260
1163576
59609802_1.026578
1276955
59609802_2.026435
1196592
59609802_1.023082
1368835
29550387#1_1.022435
1306491
29550387#1_1.024938
1219655
1468836
1183069
1441536
1021372
1365740
1058466
1035239
1556697
59609802_1.022265
103862
59609802_1.026715
1426179
59609802_1.022522
1430201
59609802_1.026111
1277273
1249097
1187542
1448019
1504867
1247853
466057
1264294
1299258
182118
1107382
1161807
1232527
134557
1073946
1570099
146931
1572287
1189223
1040342
296533
1211959
1076408
1548149
335922
1165265
1188974
1405580
307242
1273479
1447342
137981
136584
29550387#1_1.024690
1389189
29550387#1_1.022957
15054
1137645
156982
1548709
1581840
1154123
148455
152117
1297549
1496803
1521474
151551
156077
1442149
1234428
165879
1461627
177798
170337
1589901
1035833
1004146
205657
258945
1555502
132664
1464424
1068621
1291710
1454595
1209670
1220793
1284851
1560150
24491335#2_1.026129
1163174
24491335#2_3.027111
364565
24491335#2_3.027841
1076638
24491335#2_1.031388
191284
1311307
1503151
279376
373582
113622
230867
1482429
1371749
1069088
340762
1365240
241063
1452406
1562403
261103
1184221
114572
109776
1102593
1434938
294081
1178579
1563920
104028
190680
1080544
1571730
1417984
1372237
218245
138188
59609802_1.025641
1161728
59609802_1.024941
214794
59609802_2.026995
1059168
177729
145927
329931
1242501
1378549
1488268
1486816
1134362
106931
218649
11075
1055688
1574709
1159963
1214356
1358573
216859
1247958
1396070
1173811
1288128
1250584
1428036
142173
29550387#1_1.026546
302840
29550387#1_1.023764
1397888
29550387#1_1.021937
1115784
1503642
161946
1334106
1475600
1459017
1256563
1496583
1219834
313719
119126
59609802_1.022183
309210
59609802_1.026706
1057341
1054556
1316867
59609802_1.023889
122625
59609802_1.029643
1556659
269839
1329542
355866
1394148
370733
188454
1123927
1481032
59609802_2.026945
1011804
1233914
1076942
59609802_1.025450
1229026
59609802_2.027503
1438347
59609802_1.023346
1429182
1077001
1166639
119425
1345559
338349
285354
161563
1328589
1016812
1263820
1421715
1378322
29550387#1_1.022807
1040907
29550387#1_1.024178
1163326
29550387#1_1.024981
1568171
1329071
1186973
157564
1061562
133253
1460347
12517
1349767
1105074
225711
1079150
1122141
1582939
1134582
1096808
1038791
1035701
1592900
1092096
1219321
1163094
1395194
1035972
1300741
1535410
1002035
1108506
1453334
1005517
1128534
1143146
1453634
1309583
1323018
284842
209951
1477903
270465
1454696
134686
1006085
1430432
1429916
1542989
35583
1060150
1231392
1544478
105837
1559428
1433437
1321431
1244230
143654
1344416
59609802_1.025743
116258
59609802_1.032041
1122666
59609802_2.025874
1276076
59609802_1.028185
1039224
59609802_1.030333
1223934
59609802_1.029260
1399577
59609802_2.027209
438890
236224
175839
20745
1075639
1050255
1496960
29550387#1_1.031873
210732
29550387#1_1.026008
1055563
29550387#1_1.029280
1449791
29550387#1_1.026027
109422
29550387#1_1.029178
1273869
29550387#1_1.027678
1086002
29550387#1_1.030092
1524802
29550387#1_1.029640
1566222
1049886
1073858
239164
1027342
1354135
1229256
1054792
1161698
1425159
376151
361360
382654
1310165
1580415
1348035
1300758
1154518
367279
103091
1392541
1187808
1349722
1414532
1042118
1205008
1554207
274103
1433788
117195
1139399
1415815
163120
1512521
157089
187171
1188138
1188417
1118234
1573167
1532822
286534
1539825
1013596
1148159
1360392
1080665
1028572
1345072
1517623
12868
1022100
108815
1177558
1033474
1592999
1057695
126410
1400858
1577675
1159978
1252075
1162680
388173
24491335#2_2.028024
1338508
1133236
173426
24491335#2_1.026841
1031631
1024191
248902
1591577
1147405
1172656
1068423
1392797
1261044
57868214#1_1.027676
1453269
57868214#1_1.025655
102976
57868214#1_1.023726
1437463
57868214#1_1.022629
167202
57868214#1_1.024305
1353951
57868214#1_1.026515
109632
57868214#1_1.021697
285145
1175285
1125822
1475605
59609802_1.028961
1587394
59609802_1.030574
1270629
1166441
181159
407361
1515617
1009367
1483473
24491335#2_1.027721
1113862
213040
220876
1406166
23580
1444452
1016434
1468698
1559424
1270993
1292223
1377284
1322727
59609802_1.028545
1378467
59609802_2.026766
1246817
59609802_1.027750
107478
59609802_1.031245
1304190
59609802_1.029267
1365681
59609802_1.029677
19614
59609802_2.027234
1224815
59609802_2.026606
1013522
1196527
1152269
1364527
1560358
1521611
1253611
1475716
1030414
1255212
280914
1263106
1103896
1552705
1380616
119086
103267
124309
1445622
1536783
1554036
1050413
1115543
1153297
310097
1361348
1056261
1532321
1081454
1181679
1086333
1482446
1520969
1214762
183078
1201007
121469
1571212
1163323
1031739
1124106
180070
1107188
1298437
1261065
1076503
266885
40326
381867
1259829
1391802
1318199
17267
29550387#1_1.030188
1139293
29550387#1_2.027034
1081287
29550387#1_2.026695
33731
29550387#1_2.027089
1178216
29550387#1_1.029721
1026942
29550387#1_1.026624
1270249
29550387#1_1.031984
1528607
29550387#1_2.028112
1339499
29550387#1_1.027850
1524109
29550387#1_1.031239
1304395
29550387#1_2.025798
176685
29550387#1_2.026998
1265056
29550387#1_1.027393
1545781
29550387#1_1.027292
266755
29550387#1_1.027210
1089980
29550387#1_1.026711
1457511
29550387#1_1.030999
1470722
1070836
1471184
1084580
1310737
1454274
1523268
1236895
1105099
1399469
1359035
231022
1253676
236182
166851
100551
135351
1018562
1200375
272497
1105414
1043594
237605
205639
1133362
1111714
1340231
1042579
1449348
441768
1340636
303166
1203051
1138530
1474157
1320465
1480587
1276943
1485585
1292822
231866
132189
1240178
1317077
1359135
1305116
111858
197385
1003440
1327885
24491335#2_1.028358
768193
1569187
1585102
29550387#1_1.024697
1436940
29550387#1_2.027477
1388334
29550387#1_1.028987
1560497
29550387#1_1.025817
131306
1069758
1361329
1276080
1238437
59609802_1.027490
1058469
59609802_1.024920
244518
1265155
1086936
1447215
1253264
227330
1150302
1514069
1155350
59609802_1.027466
1379348
59609802_1.027175
1407881
59609802_2.025866
1092912
1148597
1536140
1558575
1140355
165504
1136708
1064562
1152438
1023357
1440082
1022090
1256927
335081
214743
1052716
1507178
1126561
1182008
1398049
1178716
1389133
193155
1021178
1129882
1487870
1323646
59609802_1.023494
1385036
59609802_1.028131
1575173
59609802_1.025851
29042
59609802_1.022967
1522265
59609802_1.025656
1366804
59609802_1.024949
305130
1413648
116374
129748
13207
1260165
1210195
1035259
279316
1187330
1287185
1202548
1444615
1343999
225035
1546272
1505696
1513229
1394378
1496133
57868214#1_1.028531
1040561
57868214#1_1.026988
164024
57868214#1_2.026968
1291400
57868214#1_1.029073
1381684
57868214#1_1.030427
126651
1480031
1027382
1334991
1115470
24491335#2_3.025823
1294998
120880
1361728
1324594
1179172
294154
1359272
1403192
1476792
1064929
1591447
1234421
257553
106856
1065264
1405309
1208651
1554826
1134922
1182445
1374703
1480129
1417077
1112599
1211638
37240
1442674
1346028
157001
1190839
1307860
1132436
1317453
1450973
1144560
328409
1439374
1165755
59609802_1.027536
1382376
1576572
1247727
1617
1235990
238827
1371321
29550387#1_2.027815
1389338
29550387#1_1.029093
172970
29550387#1_1.024723
1464138
29550387#1_1.023738
1434803
152163
1461158
1182207
1538367
1045659
1047905
1592160
237572
237096
199182
1020403
1343927
1186976
1191010
1199148
1080663
1156646
1235522
59609802_1.029151
1070972
211255
215992
1184302
229199
59609802_2.025797
130759
59609802_1.022769
1296911
1318356
1161995
1381297
1338446
524206
1122229
123451
465607
183844
143025
1415893
482466
1007876
383067
1296686
1515785
1263100
1380965
29550387#1_1.026971
286210
29550387#1_1.022364
1435971
29550387#1_1.025812
202417
29550387#1_1.023999
259975
29550387#1_2.026882
1103203
1449225
1250535
1425553
1242505
107527
1560901
1287300
1156280
368950
1428856
1079531
1566746
184380
1583518
1165190
1210373
1334213
1537518
287722
1458742
199416
1147043
325080
1007747
351535
306790
25002
1292532
1546566
1227686
1445393
149422
104908
1338616
1325903
278243
1294673
613341
164867
1118807
1476740
333699
1199732
1529798
194277
220442
1253569
1151006
1586186
1113064
1361273
1141050
1079900
1101490
1079732
1510910
1394166
1208799
1065828
1519782
1360290
1098172
382561
1335894
101150
217842
59609802_1.030194
1122250
59609802_1.025372
1477714
59609802_1.023531
1013933
59609802_1.025232
1151497
1488090
1126440
1538487
1243654
1409064
1574548
1226802
124601
1026468
1479639
1431106
1288175
1511680
1029923
1001661
1412853
1398179
189620
1524568
1027038
1363724
1407029
10241
1512698
1492372
219397
1187999
1204380
1424082
115212
1439680
250639
1315608
1059314
1199843
1139935
123780
254790
21454
1115608
1588430
331424
1525740
1313175
1584937
1545339
1252817
1508175
1039745
1327996
1304285
1553933
1033888
1132264
1055740
1574693
1329211
1484713
106082
1254709
1542483
1239341
1339342
1257723
1115557
1314492
1442321
593118
1009849
1351631
217401
1540445
310517
107841
1454794
1028898
1459738
1373818
319441
1097654
1446010
1028088
1183314
27968
240214
1284250
1214406
1016245
1181623
1203014
1479889
1152012
1330860
116126
146031
1513459
120694
1334265
1482642
1472192
1517605
1285275
57868214#1_2.026706
111710
57868214#1_1.025397
1506309
375349
1182096
1080982
1484468
24491335#2_1.028121
153380
24491335#2_3.027298
1476052
24491335#2_1.024036
266393
24491335#2_1.026578
159631
24491335#2_3.026381
236380
1251170
137840
1441280
1390372
109550
358017
1306543
1274601
1267892
1151906
57868214#1_1.025611
142995
57868214#1_3.027302
1253905
57868214#1_1.028122
347060
196986
428346
268943
1179342
1563804
1263712
1350037
1133457
144841
59609802_1.029311
1194222
59609802_1.028493
1292349
59609802_2.027396
1488867
59609802_1.028808
1046225
59609802_1.027481
1307409
59609802_2.026719
1531389
59609802_2.027471
1214018
59609802_1.026570
1005570
1003671
1085408
1172431
1081585
59609802_1.030577
1473142
59609802_2.025721
1282535
1025258
1076567
1108016
229548
1269347
1044772
15078
1346467
107496
199916
335732
1058986
337629
1414328
1265998
1062366
14136
1378613
1515570
1246879
1097908
139729
1009286
1117991
1502273
1362491
17159
1434636
1307997
1144350
1010496
28566
211509
1061327
1248299
1234060
1499883
1482692
343011
430338
138568
1276663
1082196
1288690
1354700
29550387#1_1.022345
23434
29550387#1_2.027843
129468
29550387#1_2.027307
1061972
29550387#1_1.025617
19231
1351002
1202697
1232841
175651
362501
1464705
29550387#1_2.026475
331023
1490821
1019000
1541500
433222
59609802_1.029562
1272240
59609802_2.027238
1127300
59609802_1.027687
195473
59609802_1.025418
407562
59609802_2.028247
1122658
1557080
1512668
1144399
1528508
29550387#1_1.022347
1565921
1583781
314574
1183233
1343364
1235307
1533774
1050290
1084936
1017468
1235706
1046313
113977
266682
375306
343644
218447
1326120
160292
1523833
1157578
310206
1084573
1154917
1306458
1049810
1172851
1043252
1534140
1382216
1136775
59609802_1.029068
1308466
59609802_2.026187
1288383
1313436
1225234
1420381
1143784
1012470
1504176
1166029
1227278
1006103
1546490
1461319
1359877
1496867
127048
1318322
1469620
1556090
1426723
1337201
313652
1289648
24491335#2_1.027757
1321143
24491335#2_1.026535
1079693
24491335#2_2.027090
1589770
24491335#2_3.026249
1161860
24491335#2_1.028430
1363391
1117309
212218
1515988
1066706
1524247
1235819
1209178
269857
57868214#1_1.029028
1317058
57868214#1_1.027238
1260700
57868214#1_2.027154
1272994
57868214#1_1.027553
4496
57868214#1_1.026889
1178660
57868214#1_1.030631
1419665
57868214#1_1.029823
1362055
1230632
1353959
1322046
1404298
1284925
1018508
1378986
1587101
1122818
1354577
149349
1177452
1072384
500639
1322674
59609802_1.025507
1469818
59609802_1.026946
1342225
59609802_1.025769
1272399
59609802_1.022984
345389
59609802_1.025633
1366209
59609802_1.028822
1250551
1099630
1460725
1432911
1558911
306845
1449312
1117648
195913
1443315
1347449
1364846
323316
1283346
1511922
1414770
1046533
114033
118843
1382655
1331729
1549114
1337470
1346661
1127360
1213773
1121738
1538952
280976
1217336
1243515
1472125
1073166
1483440
14845
1028399
1352958
1311689
1209254
59609802_1.024040
460897
59609802_1.026109
1124969
261109
1148436
1296748
1018468
1177899
1438056
1118182
1229743
1485843
1270547
1022419
1047239
1107496
1139455
1320615
1148003
1021926
1109209
1589178
1010787
1154315
1321361
203859
1393390
221374
206072
155333
1252725
1020176
1092519
1202121
1591186
1205403
1203103
1047971
1310599
1508438
24491335#2_3.027921
1145740
24491335#2_2.027256
1011361
24491335#2_2.028177
1383995
1160528
198336
131554
1145546
135600
1393861
1135102
1024270
257177
1003748
1252284
247922
1428651
1498466
1001893
1313179
335671
1404990
59609802_2.028327
1493106
59609802_2.027954
1562169
59609802_1.030160
1498439
59609802_1.026009
1495096
1289581
1227484
1040991
1153926
353033
309897
1042895
1188539
1161078
1561946
1476768
275488
1276794
358443
1127882
135209
426065
1404819
221049
1414823
1528999
1390259
1091512
1574412
1204421
217478
1591978
1347838
1328897
1485460
29550387#1_1.029650
1313504
29550387#1_1.029453
1266193
29550387#1_1.026526
1185937
29550387#1_1.030466
1145285
29550387#1_1.030399
1502002
29550387#1_2.027473
167082
29550387#1_2.026847
1156773
29550387#1_1.028642
1238102
29550387#1_1.031649
391781
29550387#1_1.027264
1445993
161107
178634
1198803
1277356
140775
1025798
1282995
1378907
1348458
1141086
1115440
1283997
460149
1509504
1180277
1478261
223405
1016792
320088
1059589
1030547
1036531
1172075
1347962
1318452
1026508
327985
381835
1047114
57868214#1_1.022412
1159639
57868214#1_3.027164
1040327
57868214#1_1.025064
1417180
1109688
1392351
1202224
318027
1387875
1016650
1353643
1216376
59609802_1.029282
1464545
59609802_1.027618
1050677
59609802_1.030611
1404638
1576628
162079
1363657
1294153
1064452
1133364
29550387#1_2.027625
1286805
29550387#1_2.026862
1417438
29550387#1_1.024726
137131
29550387#1_1.022299
1537412
1066793
167654
1263919
42953
1187307
1430507
441096
1198580
483131
225635
1358501
1206722
1246733
33371
1512971
1524187
1419994
1450123
1587079
1281215
1521595
1216799
1305083
1171138
353326
1287246
1182732
1099395
1219379
1061616
1195171
1039450
59609802_1.023216
1374856
59609802_1.023296
1498670
59609802_1.021613
146692
59609802_1.022901
1077235
1222910
1045006
226985
1524409
1317131
1080870
1017193
1430784
1099672
1054358
1091713
1216810
374825
1135466
1337619
145230
1033906
1505946
267472
1221934
1015984
1592495
135345
1139231
1554254
401715
29550387#1_1.027993
1222571
29550387#1_1.021783
1109663
29550387#1_1.025677
1093571
29550387#1_1.026130
1402012
29550387#1_1.030318
185626
1043815
1306013
170521
1015196
115190
1428104
1197016
1479008
1546349
121351
155921
1077022
219711
1007197
1410059
1427474
59609802_1.027670
1172003
59609802_1.023072
1178687
1360192
1538722
19885
1203477
1393606
1499055
1519977
229766
190548
1277593
1202759
1584134
145102
1379834
145490
1307312
1591785
127436
1366767
1497820
295470
1273440
1245266
1061467
1329236
1578465
44272
1047790
1413073
1513216
1152084
1489521
1244326
1428225
1045070
1585656
1207178
1022475
1161886
1065524
1138036
1214874
1150556
1326480
1134779
1536432
1339698
1252046
201850
1432180
1166315
1072763
308297
1010097
1036170
211050
1189144
1186842
185434
1078546
190556
148071
1441610
1197407
1392590
1324311
1250093
1356825
1337922
1447401
1484100
1142467
317248
1063487
1371732
1021916
38793
1242953
1336473
1495629
1565951
284554
1103816
1035083
1311706
1100791
1235954
1072661
1098233
59609802_1.028724
249580
59609802_1.028873
1214499
59609802_2.026081
1251500
59609802_2.027003
1206839
59609802_1.028478
1581370
59609802_2.026194
1199072
59609802_1.030619
1544770
59609802_2.027987
1205956
59609802_1.031601
445918
1098886
1110741
1247365
1194637
249466
1506708
1134061
1069162
1348759
16599
127081
172987
1333157
1196333
123037
1334865
1263400
1448983
374005
333480
140083
1204621
144450
206766
1137202
1329182
1164310
1180012
1376308
1098510
1162326
396144
1159485
1332197
1518750
1088487
1549661
1454616
1094611
1005494
326152
1286317
1195302
1402360
1108244
1057345
1447452
1096016
1298745
1298328
1299072
1437788
1101684
286664
251902
333016
1174948
1374203
442650
1048025
1252222
1045702
1278108
1253540
1309171
24491335#2_3.027151
1101167
1164451
1287594
1485476
117975
24491335#2_2.027155
1169466
24491335#2_1.028856
1579178
1452263
1289465
1267218
385150
1074370
211309
1256187
1505159
1474234
141413
295385
1499587
1048323
1008453
1559129
519245
1536901
1286310
57868214#1_1.025370
1436715
57868214#1_1.025479
189768
57868214#1_1.028538
1098374
1436285
1486662
1143069
1345939
1563280
164402
1355230
1298419
1011922
1562373
1503120
1511092
1074306
1430196
1054068
1384932
176571
1056810
117623
1269818
1018890
1463568
183926
1248444
1269845
59609802_2.028300
1464575
59609802_1.029070
1444926
59609802_1.032287
1435535
59609802_1.030038
1312857
1328325
1534863
1247039
1263152
1489339
1026622
1490446
1481015
101508
1365694
189193
1560099
1491218
1287519
1324824
1123802
1462245
1350423
1521324
166168
220878
1333081
1184397
119380
1529682
126322
1496320
1500182
177126
1364174
305779
1274872
1189995
1373310
1565956
223838
1177361
19531
235794
1505055
1326773
1339322
1568759
1527990
1139131
131128
235589
228285
1214743
1396606
1552795
1207862
1341622
1423530
1370799
1227819
1139449
1537895
1260386
1524066
1461723
1256089
1182382
127507
1083607
1483554
364488
1569403
29550387#1_1.027205
113053
29550387#1_2.026358
1128032
29550387#1_1.026313
1555996
29550387#1_1.028064
133504
29550387#1_1.030404
1417807
1160800
1113603
101833
1585958
1127101
283785
1518435
1277251
1307864
1104311
148756
11881
1220152
1083677
1217042
155329
1592934
1107167
18548
1518006
1159295
367706
1473888
1187120
38130
24491335#2_1.024980
519152
1182442
1210460
1111862
1359964
204449
1045194
20314
1040235
1051546
1018368
1394600
300115
1063758
1239201
1382764
1321902
1253290
1091683
1297864
1033983
57868214#1_1.025404
1206863
57868214#1_2.026858
1044268
57868214#1_1.021777
1294090
57868214#1_1.027230
1534301
232933
1030769
1038787
118487
1492543
1415865
1232571
1005952
1152953
1043030
175244
1183589
104225
1290321
1096081
1049907
1283650
1403451
1404275
146985
1285250
389972
1009413
59609802_1.029572
1131881
59609802_1.027193
1080229
319568
463284
209920
1416358
1585930
1248249
1294907
357022
1192535
108895
1066185
188731
1190841
1203702
1120024
164436
304775
1531704
395381
1259415
1052839
1129442
121138
1220938
134025
1278051
1043135
173636
103053
1042006
59609802_1.032044
1535767
1151347
21176
1136104
1456089
59609802_1.026222
1231556
59609802_2.027472
1341273
1295619
1389467
1369991
1499554
124463
1490161
1459907
402452
1101820
1247045
1203857
1336475
191484
1442588
256747
1468341
1327238
1140451
1170350
1067595
477324
1073698
59609802_1.028411
1500054
59609802_1.026965
1355748
59609802_2.027374
1453155
59609802_1.030091
1510848
1136167
1165618
177869
336161
1455896
191744
1030000
57868214#1_3.027725
1429204
57868214#1_3.026999
1119691
57868214#1_1.027627
1008861
57868214#1_2.026991
127033
1103761
1426996
1163365
1295442
298876
1009349
24491335#2_1.026781
1042628
24491335#2_1.027209
1264617
24491335#2_3.028206
1562270
1308410
284304
1072779
1200634
1034789
1367387
1588335
1383975
1158621
1241087
1367858
1025039
1592797
347583
1463103
1575640
1113933
1078651
1156584
1434154
1531700
1099888
1558462
1090170
1375467
1158643
1265775
1235780
102955
1171977
1408442
621596
205014
1176233
266318
1428080
1341601
1155015
1142202
1389121
150584
1062035
1253502
29550387#1_1.026564
1139270
29550387#1_1.028767
1362021
29550387#1_2.026108
1492147
1150996
1031674
1101822
1357678
1109686
1580128
24491335#2_1.028862
1019845
1516596
186468
1315345
1466568
1270216
1077061
1426007
1397783
1515426
216245
1240444
13580
1361145
1233478
1297668
59609802_1.026663
1364646
172714
1388920
1214789
1200605
1427945
240078
1332136
1154101
166377
1404476
327681
1121793
59609802_1.028554
111343
1565673
1322690
1107866
1486245
151110
385848
1291563
1503204
158537
1539035
1457876
14956
1496982
147284
242134
563900
1308645
1387471
1529266
1157440
1197726
1051729
1162382
1051390
1457660
1527908
1412469
1570230
1255096
57868214#1_1.026949
1022657
57868214#1_1.031854
1178959
150207
1010969
57868214#1_1.031601
1515399
1153679
1047642
1396478
1096779
443872
138005
1385654
1436906
1436704
1072266
1338832
1315651
1411613
1370716
1132519
1563531
1089635
1100563
368496
1245427
1218812
144351
1364760
1418592
1457835
1015171
1081816
1421053
1114533
118751
1092199
1339545
1454910
1046828
1217929
1086424
1158279
1441401
1074565
1076637
1379950
1497419
1376181
102737
1283519
1145352
1334149
1479434
1425871
1412614
1087846
1545991
57868214#1_1.031102
1177740
57868214#1_1.027301
1091896
57868214#1_1.031418
1389387
57868214#1_1.027482
1002689
57868214#1_1.030340
1402166
127949
1478267
1019627
246597
1067198
1206288
24491335#2_1.029574
1403918
24491335#2_2.027949
532927
24491335#2_1.032087
1042201
1315115
1107955
1256317
1392505
1423907
1173320
1192758
1209130
241756
127621
16849
1389650
1159241
1416707
1560434
1172238
1348293
1445475
1539820
1100302
1249565
1143971
1318228
1371947
1232345
254384
1582994
1327786
1456413
334491
1528477
29550387#1_1.026217
144029
29550387#1_1.027612
1284000
29550387#1_1.026857
1501383
29550387#1_1.026571
1143556
29550387#1_1.024731
1439075
29550387#1_1.024636
279553
339029
599691
1154963
1321239
146455
228316
111134
1315168
1064943
1388002
1203173
1540294
1234678
1316359
375519
1128707
1551206
1057019
1173244
1213781
1376855
1378378
200158
1309237
183430
1139243
1505997
287138
59609802_1.023293
1139055
59609802_2.026342
1029705
59609802_2.027547
1171384
59609802_2.026575
509635
59609802_1.024125
1318130
59609802_2.025885
1462814
1347618
1382597
1073650
1292356
1002644
1229976
347466
1450828
1578489
1159394
1026378
251185
1441568
1028156
1495008
146122
226282
397241
1099327
509389
1155049
1540019
1244090
1081843
1433744
1411189
29550387#1_1.023164
1485538
29550387#1_1.027394
1129724
29550387#1_1.027284
106750
29550387#1_1.024737
1436825
29550387#1_1.023087
109438
29550387#1_1.022837
1092002
29550387#1_1.022156
1331339
29550387#1_1.029641
1241985
265677
1526283
1144392
121954
1458220
1292929
1159260
107626
1002887
298479
1155004
220645
304424
464944
1538167
1385442
1510339
24491335#2_1.029539
1072677
24491335#2_1.027747
1258393
24491335#2_1.031306
1519902
24491335#2_1.028045
1231419
24491335#2_1.031486
1105965
1263496
1159002
1533162
1580305
1140629
1337535
1523809
1478108
1233344
1120298
274999
22453
1032223
2294
1373534
342487
287033
1043056
1233522
346837
1143230
1359664
1486190
1044017
1189003
1332784
1083622
209270
100890
272246
1125914
1517052
1444370
184412
1314395
1296290
1514822
1175312
1216919
1412750
1106980
320670
1341465
268574
1021014
1312072
193894
1370237
1154967
59609802_1.023711
110188
59609802_2.026760
1427094
59609802_1.028770
1040203
59609802_1.027205
1032428
59609802_1.026179
28760
59609802_1.025181
1493710
59609802_1.022632
1348561
59609802_1.026283
1144789
1331810
1190616
1494119
1502293
1238137
1519991
547220
1402268
255251
101642
1208200
1531465
1301125
198081
327902
1415406
1366706
1517921
1428182
1014950
145902
1249348
1131601
1341439
407040
1285293
325560
177363
1027234
1069124
1180719
1031736
1421
1375634
1228302
124344
1519352
1195907
1136478
1093751
1562691
1270048
1230140
1311015
145819
1277641
1248142
1170790
1457852
386562
1005759
1214953
1501842
1150462
1471062
1496293
1274675
352664
1469114
1169403
1093818
1344284
1471919
1019718
1212530
1167901
1522822
123958
209007
125381
1496165
1395492
130788
135350
159185
1441756
1000269
307836
1034579
1526597
1215410
115439
1328267
1143962
1439990
132576
1082131
1231633
1215577
139271
1514089
246436
262929
1276006
166085
1415905
1529508
50363
1047473
131463
240900
1464148
1205798
273417
1171775
1374613
1207313
1147248
412279
478998
1324834
1221245
1471475
1163621
1049291
10394
59609802_1.029878
1280483
59609802_1.026617
1096454
59609802_1.022670
1112440
59609802_1.027742
1001581
59609802_1.025941
1201819
59609802_1.029473
157205
59609802_1.024860
1030637
327892
22988
1156789
1340484
163259
1211291
1578394
258247
1321817
1066528
1571004
1481548
1420160
1361817
1106390
1183834
127995
357320
1192037
133336
59609802_1.022884
1585621
59609802_1.022649
239154
1143108
1433146
29550387#1_1.025632
1344778
29550387#1_1.027120
1395977
29550387#1_2.025926
1201639
29550387#1_2.025880
1462713
29550387#1_2.027147
1090939
1212999
1176158
1115757
1390784
1077700
1289840
136262
1336370
1235976
223905
1429276
57868214#1_1.029904
1219813
57868214#1_3.027957
1358780
57868214#1_3.027235
1238265
57868214#1_2.027178
1094826
57868214#1_2.027783
1173613
57868214#1_2.027787
11860
1016985
1286588
1431875
192624
1277674
119964
143911
1198572
1056822
1140127
419899
1581081
1230105
213347
1174209
1247572
1017695
1553143
1366966
169932
157688
1582622
109824
213648
1298655
111942
1031362
1109238
117670
1182844
1116737
1233709
1458976
1462666
1370939
460453
1550071
59609802_1.021765
1075235
59609802_1.021933
1334401
59609802_1.027033
1238720
59609802_1.025295
1083375
166726
126578
1117613
1474025
1189263
161832
1154279
1129148
1128851
1249922
1488814
1351622
1275110
1324898
25670
166505
1321015
1079467
1579066
1070256
1184758
1473509
299654
1376809
1213970
105589
1097868
1366814
112755
100080
1325131
1282476
1161426
1139623
1108995
242377
1392459
1166802
1442280
1381173
1255839
1319685
1168158
132071
126193
1215843
1342304
248245
1094240
1247977
146044
1305191
1031230
1396393
321255
1239549
1466374
1361717
29550387#1_1.029845
622816
29550387#1_1.023411
1010419
1498253
112821
1555096
1013918
1436754
1470749
314262
1579253
1358076
176371
1171569
306870
1458212
432869
1338125
338381
165473
249197
1446273
114359
1567727
1365959
1049254
620642
249733
1444770
1364403
264976
1167503
1301968
167624
333552
1402384
1093838
1579277
1075311
133424
1174815
26087
1236401
1128811
266110
1070725
24491335#2_1.030921
154701
24491335#2_1.026407
1241320
24491335#2_1.027047
1490586
24491335#2_2.026802
1465558
1291894
132212
184291
31344
1525316
1091445
1148310
1545359
1348167
1466582
59609802_2.026919
1017828
59609802_1.030211
1575926
59609802_1.028872
1334532
260019
1441310
1353186
1053194
1511982
305799
1379111
1211933
343611
20169
194319
156250
1542232
1051238
1580506
252235
226478
123174
1096777
1052999
1501186
1281244
1232739
1160386
1007238
19061
1209402
1360149
59609802_1.028587
152104
59609802_1.026150
1054364
1029684
1158947
1393980
1062740
42204
1010852
1480381
1369828
29550387#1_1.025119
346573
29550387#1_1.031028
1286071
29550387#1_2.028130
109908
29550387#1_1.025860
112850
29550387#1_1.026537
1227531
29550387#1_1.031949
1131940
1269404
271642
1408641
1186329
1142560
116768
1046692
1063285
1190733
1308553
400534
216123
1167992
1428220
15202
1247110
1146329
1403101
1219934
275349
1005041
1039575
1588988
1238624
1063734
1315113
104152
1212863
1136192
1287541
1516655
159082
591144
1396584
212970
206219
1104702
258978
1190125
1377686
1401492
221601
1177061
180321
1461661
1162010
232526
1378868
1391666
1063568
1296986
1583213
59609802_1.029461
1517454
59609802_1.025435
1385106
1336913
307752
1446280
219430
1370330
1283110
1519062
57868214#1_1.025902
1038825
57868214#1_1.028691
1531890
57868214#1_1.026128
1253052
57868214#1_1.023828
166484
1250760
14971
57868214#1_1.021703
228521
57868214#1_3.027574
106322
57868214#1_2.026812
1004113
1273955
1134932
1198263
1201330
266536
282650
1058192
288102
1313819
357645
1534821
1225287
1440355
1019349
273695
1431089
1567762
45324
249363
1109232
1503593
1434473
1282469
1110432
1031041
1274531
1327236
1011210
1459874
1315287
1370825
1059433
101184
1479353
338806
1374346
1572191
1410380
1496372
191308
1508492
1023086
1348665
1327845
1504171
1014905
1399139
1224797
1549666
1084648
1441996
163475
274674
315952
237041
1043966
1242861
1327333
2971
1495682
1305803
1049631
1110481
1311580
1479124
1236224
1428089
1438781
1485182
1521196
1541431
1380652
1111797
311736
1063832
1241991
1386228
1377089
193071
161664
1243115
1304169
24491335#2_1.025298
401932
126959
732987
158115
1570791
1497573
1479461
171758
1003397
1271394
1011497
1365403
1190248
1574186
1126633
1378256
260918
24491335#2_1.022967
1547278
1303888
192227
1022862
1094549
1001742
1162770
1149594
1011307
1010348
336076
1151144
1591650
1066535
292774
1270936
1399022
1405596
1265562
27475
1499858
1090382
1120509
1244630
1188267
1017654
1422496
153534
362158
140228
1127245
138232
1503326
1349631
1295062
1209492
1238866
1584141
128420
1511342
264067
1095705
1416629
1275105
1217207
1005150
1428323
251089
368087
1104220
1447034
1221533
1203162
1558810
1071520
464636
1121489
268798
271509
1143084
1077771
1286337
1386703
1309450
1260882
178663
131622
171029
1333204
1008572
1436174
257038
42738
1562633
475723
1230335
258364
1343203
1379006
1529944
1048259
1077574
1229046
1305970
1500474
1589834
38623
140052
1181149
1016647
57868214#1_1.027586
1351207
57868214#1_1.030401
1374472
57868214#1_1.031741
1560582
57868214#1_1.028062
1063879
57868214#1_3.026697
1538183
112351
25719
1276855
310231
1249879
1239667
1288296
1039777
1067767
1372004
121938
575532
1300700
139441
265913
1134698
1342403
1347619
307084
1524906
256026
1534280
1030395
1000357
168759
1382989
1460383
1292797
1172655
1578009
1206146
1459908
1057064
1466774
1392084
29550387#1_1.025159
1185072
29550387#1_1.029337
161903
29550387#1_1.024623
1032045
29550387#1_1.028371
408590
1570293
1038059
1363757
1080568
1416399
1130724
20291
581162
19651
1233962
1239865
1207892
59609802_1.029300
1279725
59609802_1.022875
1510012
59609802_2.026257
1372085
59609802_1.025080
1464189
59609802_1.023168
1069160
220269
1175425
1309345
1057
1249181
1115483
1489503
1440151
1356788
194517
1564276
1058611
502990
122120
1301821
103003
1038084
184872
123015
1033282
1274387
1180543
1082457
1163034
1020681
1309823
446627
1134430
1137029
1191706
1562143
1582507
1023483
1101595
1081181
1173669
104705
277707
1474739
1428733
1241502
1480647
1582422
1445500
1378111
1210454
356813
198506
1417729
1463958
29550387#1_2.027699
326025
426148
1109314
1421012
10172
1541802
179242
1176721
160179
1296961
127537
332791
1362078
1220170
1162989
1158575
24491335#2_3.027531
1067069
24491335#2_1.030197
1123067
24491335#2_3.026751
137542
1508176
1553828
114120
1412993
1334318
1286077
1486618
106206
1296212
1176006
1259018
1261033
241507
1220980
57868214#1_1.026685
126476
57868214#1_2.027930
1584534
57868214#1_2.026927
1145418
1334957
1144939
276638
1274575
1130585
59609802_1.027254
366366
59609802_1.025782
1019623
59609802_1.022101
420056
59609802_1.024931
1244584
59609802_2.027750
38848
407874
528128
222590
1493361
1082611
1157844
57868214#1_1.028268
304218
57868214#1_1.021689
1304811
57868214#1_3.025951
1143106
1381575
1368181
1329592
1069483
1338064
1488039
1051683
1376484
57868214#1_3.025711
1202222
57868214#1_1.027111
1344487
57868214#1_3.027218
1472178
57868214#1_3.027264
1512449
57868214#1_2.026083
1023169
137432
1585305
173397
1325436
1112802
1421063
132109
1275227
24491335#2_1.023619
1172443
24491335#2_1.021834
1496109
24491335#2_2.026210
1209245
1533684
1087292
362856
1163637
1029116
1398727
163811
1113296
1128379
1018433
1294062
1446178
1429430
29550387#1_2.026026
1567436
29550387#1_1.028204
1242
1141006
1395074
1193241
265081
29550387#1_1.026638
1565373
29550387#1_2.027594
1105792
29550387#1_1.031925
1320666
29550387#1_2.025872
1179938
29550387#1_2.026339
1150913
29550387#1_1.025866
111576
164140
1411845
1401701
1072459
1508155
221141
111613
1303588
1374919
272993
180866
170064
106275
1168759
1099359
1394536
210147
1409279
59609802_1.030159
1350429
59609802_2.027879
338898
59609802_1.027847
1080098
59609802_1.027684
260765
59609802_1.026228
174786
59609802_1.029854
1196841
59609802_1.028206
146073
59609802_2.028027
1530704
59609802_2.026550
1557059
59609802_1.027880
1231152
59609802_1.028806
1009124
59609802_1.031691
1164466
1205443
1183227
1443680
1195400
176678
1013899
1510376
302716
1105931
1280344
419641
1360419
1441035
1147494
1137336
1467662
1012207
1290792
1085308
1150416
147206
1175068
1578938
1143348
1296881
149564
1093280
1151391
1475876
1139598
1294588
1219606
1197333
1262034
1448929
1094197
1020915
381338
1278934
129946
1294958
1193089
1285486
1382444
424027
1229959
1103752
1260945
1456086
353502
29550387#1_1.032331
1094309
29550387#1_1.028598
283441
29550387#1_2.027019
1540074
204445
1137765
1002852
1324002
1403996
1130714
1561963
1394838
214938
1308487
1122160
1401229
1015060
117499
1377585
12937
59609802_2.026511
1489370
59609802_1.026998
1172551
59609802_2.025796
1394136
59609802_1.025903
1174709
59609802_1.030293
1248256
59609802_1.029601
143456
59609802_1.027805
1217937
339460
1221735
190961
1156574
1429161
1500104
1167501
1126773
1079470
57868214#1_2.026936
1522379
57868214#1_3.026129
1045631
57868214#1_1.030672
1473702
57868214#1_1.029678
1278517
57868214#1_1.021787
209451
1104353
412369
151598
1088420
1341658
1562269
1377096
1461873
1165478
1189949
1037552
1167552
1404405
1407163
1227030
1113374
1524932
1300133
1454356
196714
1246289
1212092
358095
1087033
1082471
271187
1267039
1448144
293917
1282932
1397737
1066948
1140781
1413892
1106243
1430657
1081591
366122
100803
1420011
1542781
1516525
1179242
382097
1354875
1150590
1216238
1030115
1432034
1462279
313342
239877
1528103
1163332
311733
1036881
1510773
1278107
1276788
267875
1256021
1248403
24491335#2_1.022964
218450
1155910
1592031
57868214#1_1.026145
1439054
57868214#1_3.026874
1363082
57868214#1_1.022366
1263958
125689
1143954
1403416
1014222
117429
1023277
1223274
176388
1314533
1259079
1393958
1459205
1536808
1297184
1490789
301600
1510446
1027319
1344955
1173450
1390345
1125461
1211517
1093774
146627
1428159
1487945
1505513
1115490
37871
144368
1320119
261062
1217993
1426353
1360053
126207
122781
1167664
370172
1008589
137867
1350258
1397627
1387046
1064626
1233143
1295352
1155867
1124830
1103957
1225787
189345
122577
1383645
1126148
1438355
1229531
1076027
294238
1059411
189120
1114484
1536281
1149817
1299440
117104
249857
1051722
1055641
1050874
1157562
1489205
245947
1118391
1216532
241156
1201307
1301679
131829
1095796
1073885
1200997
1262374
1470858
1089822
1046330
1314142
1491725
199439
1428943
1561880
1407518
1071717
1148219
163954
1387907
496868
1236910
1468636
1171071
1155749
1322212
1293887
1079407
1584774
1077482
1520406
1125689
1019442
1327748
1113004
1551919
1484647
1174482
1255154
1008443
1019400
1179814
1387928
1203178
1196229
1423945
1535752
1141432
296323
1061480
1095630
1577197
198301
57868214#1_3.026240
388432
1384608
1048309
1512466
1087783
1059760
102245
1413839
1178091
1036285
1338027
1407310
1162776
1463050
159662
1427506
2981
24491335#2_1.022311
1201268
3763
1436074
289714
1442182
1058097
1341447
1169144
1419342
1330099
1098897
1161514
112130
1553045
134194
1290976
1049165
1284258
1524966
225641
1563987
1349070
579394
247907
1037327
59609802_1.024808
189805
59609802_1.023710
1260863
59609802_1.027713
1088604
59609802_2.027336
1546957
59609802_1.025788
1119106
59609802_1.024654
1416488
1065180
301527
179962
1336773
1461125
1001919
29550387#1_1.027043
138235
29550387#1_1.024547
1194586
29550387#1_1.028135
298549
1048764
1057837
1352806
1038317
213304
1144817
363747
529533
1260079
1424404
310944
129097
1038484
1074248
1281508
1192910
132080
1186979
1128136
1109256
1430312
1347612
256577
1499719
1348471
1056923
1313805
414734
1368145
1386782
1029234
1210242
1006122
1191741
1161184
228811
1488225
177289
237763
1093030
1185625
1317535
214380
334007
29550387#1_2.027261
1106883
29550387#1_1.022380
1313212
29550387#1_1.026038
195994
29550387#1_1.026195
1223604
29550387#1_1.029815
1417366
1083681
1231847
1278416
158155
1450801
1332539
1260802
1263138
29550387#1_1.024542
1205480
29550387#1_1.028539
1086911
29550387#1_1.026902
1308744
1057960
149646
1454272
1277704
250595
1386365
155028
1033068
633850
1392738
1052606
337980
1378400
1083055
1137177
1487391
1002702
233759
147583
1269887
1308891
1359360
1221897
205267
1218490
1473872
1061146
1055480
1211600
1566455
1438177
1522689
1023919
1568947
1031917
1460734
1000700
1126420
1562379
1362287
1507859
1302908
1243814
14585
179188
1004728
1589608
192295
111190
1546190
1191047
141469
1568196
1416957
1422880
1479502
175708
1517580
1060414
110750
190900
1266823
416231
179825
1281498
1132105
1141810
1361073
1208886
313362
1000252
1364945
104811
1461502
1169621
354906
59609802_1.024394
1117301
59609802_1.025171
161950
59609802_2.026169
1083267
1357951
1403796
1577752
2271
1464665
1395464
1125183
1006775
21421
1422315
1273121
1542540
25848
1190602
283171
120494
1314946
1289267
1007354
330108
1036056
1240214
1515126
1127746
1004638
1405116
1044406
1213002
1265844
176596
1012791
30242
148177
596146
1220199
1171094
1451932
1092270
1116571
105843
1390403
1420354
1132344
1497516
1587765
1241677
1278387
1560483
1255949
1085167
1437950
1010784
324254
223523
294848
1048415
1280151
1130782
1399317
446141
1125520
1485189
24491335#2_1.025287
1502911
1334754
1296351
1462776
1425764
1133773
1552222
1023000
1103947
1452796
1216296
1320812
1389006
1355679
1046595
1100774
1342209
385012
1275395
1025395
1442340
488339
1267822
136987
1259985
1460944
1313087
149049
1173736
469951
1082865
165589
1115570
1506668
1401653
1590623
29550387#1_1.025673
1421114
295372
1534094
29550387#1_1.025355
310124
29550387#1_2.028047
251479
29550387#1_1.031910
1149347
29550387#1_1.025523
1469335
1515562
1023619
1271793
1058766
1465999
1079564
212319
346047
23425
1268725
136824
290424
1501424
1302003
1333332
1334484
1107410
1274615
1124008
1475107
258099
1021573
167190
1313789
1539210
1215071
1089594
1542868
1420182
290906
59609802_1.027415
332679
59609802_1.032031
1045443
1172288
1530550
136765
1551750
57868214#1_1.029780
1209018
1222626
1545661
1378814
1057463
1087706
1258886
1395098
1474335
1352454
1378502
252447
209169
1415449
162163
1243105
1476784
1380620
1363915
1536235
1139069
1357062
1486281
1253305
103486
206417
340237
24491335#2_1.027695
1579344
24491335#2_1.027664
1366499
170753
1578737
223325
1264599
1585307
1402493
1101652
1251041
57868214#1_1.030280
1447863
57868214#1_1.031101
1114910
57868214#1_3.027464
1176806
57868214#1_3.027330
1066002
57868214#1_1.026478
262458
57868214#1_3.027281
1148271
1147094
273188
131750
1099715
1400351
1126226
1474777
1437141
189023
1252796
1213923
189423
24491335#2_2.027988
1043000
24491335#2_1.027554
1223711
1468261
1432908
24491335#2_1.029621
114872
24491335#2_2.026593
576025
1201686
1044789
126295
208308
1000320
1370222
1503857
18137
132916
330437
1259118
1053073
1314905
1249754
1074847
214384
119975
208462
164221
1355836
1087394
1168550
1592218
192887
1430887
1397710
272368
211481
1571105
1158357
1109261
1363600
1483186
1503920
1116631
1452420
1271353
1113607
1314846
1406347
1090493
1371018
268859
1160684
1375422
1388155
1083566
59609802_1.030179
1229293
1313379
1518213
1287867
1106466
133792
123692
281991
1503774
1389022
1280266
125139
1413423
23996
1034803
1156925
1266202
1046884
264455
343978
1102517
1036682
1173628
59609802_1.027509
1313295
59609802_1.027202
1278508
59609802_1.025478
1207292
59609802_1.028459
1450768
1591180
1061300
1314068
218376
145060
318156
1543216
218035
1236171
115890
1369004
1330955
1454833
347067
1426794
1247341
1578283
158855
309494
1195792
12026
1046958
124568
1389738
29550387#1_1.029325
1277753
29550387#1_1.029157
219636
29550387#1_1.029565
1553710
29550387#1_1.025207
142372
29550387#1_1.028630
1269198
29550387#1_1.024105
1468410
1108719
1114261
1261875
1553399
1493235
123302
265502
143469
1313062
1002170
1146563
1508896
1150929
295357
1464759
1019051
1525128
1565981
197143
1178715
1480276
43402
169132
1375479
1123157
1163712
256154
1368838
217201
1049390
1031549
1253250
1115667
1414402
1438016
1419867
1387718
1171667
1437495
1028878
1532555
315827
1384146
1542975
230935
1163802
132930
1288176
1279391
148337
21700
1396458
1015120
1215221
1206478
57868214#1_3.026978
1442468
57868214#1_3.026981
243412
278299
1475190
1220867
1203469
145582
1326787
1388623
112751
24491335#2_3.026296
1472927
1297606
1275194
1556620
1496295
1116868
1457198
1227646
1462560
165280
1174036
1523774
1280209
1238752
1206033
1211066
269808
1353331
1553651
1484476
176919
1353149
287271
33085
1052085
1574900
279962
1520054
102159
1491308
1141930
1208495
1577580
57868214#1_3.027044
1281363
57868214#1_3.027491
1292308
57868214#1_1.028955
1055194
1244475
1429331
1442404
1560833
1360082
1084623
1106039
1126849
24491335#2_1.028124
284345
24491335#2_3.027189
1557149
1203408
1067969
1280654
1114028
297109
1277743
29550387#1_1.026535
119594
29550387#1_1.029076
1067508
1320630
1420111
1293781
1462260
1573575
1030072
1574077
1068661
1588085
1102508
1451889
1069016
1112180
1436717
1235222
1238585
1099349
103717
1330349
1115884
1585870
1011384
1191034
1080990
1150651
231279
1158983
1409322
233985
1583342
210160
1087749
1481401
430585
1047324
1157422
1066842
1005754
1071471
1101344
497388
1562007
59609802_1.028254
1489542
59609802_1.028544
189544
59609802_1.030393
1173001
59609802_1.025729
1161574
59609802_1.028365
1303466
59609802_2.028135
1266351
172522
1198076
1140805
1150366
123112
1358174
1305269
1321648
1410449
1494354
1045867
1018392
1492736
1019353
351016
1071165
1515048
1380638
1062338
1002761
1201249
1165460
298500
1226428
1150352
281556
1548050
1358173
1103712
1525704
1349436
112615
1005087
143473
1408133
179511
1274802
1254342
1379272
1241796
1414917
1053647
1161557
1323332
164644
1322316
1283191
1351070
1420730
57868214#1_3.026459
212363
57868214#1_2.026569
1514906
57868214#1_3.027946
116253
57868214#1_3.027671
1402925
57868214#1_1.030086
174120
1465337
1406017
1318782
1484112
1007988
1422457
1485539
1391847
1373571
1111014
199533
1344046
1093065
1097979
1064221
1562477
1401792
1302826
291816
1556353
1240503
1160025
1456479
1093381
172629
1070353
184332
1370401
1145785
59609802_1.025953
1281252
59609802_2.028048
1153192
59609802_2.028029
387485
59609802_2.025944
1512064
1260499
1220213
59609802_2.028218
1531530
1231362
1022119
1379789
265998
1438026
1224760
325543
1292726
371291
1340454
1206451
414039
1153259
1455319
245843
1556271
162753
1453870
1516222
1036765
1502772
1585212
1382412
1316974
1113109
1345783
1816
262456
1321884
1234009
118514
1358149
1262126
290104
1155283
1371398
198195
1231960
1032502
1185847
581486
57868214#1_3.025991
1397164
255099
1173940
1084759
102576
1218165
1229633
1118499
1201491
1456540
1020411
1506057
1177958
1353199
1271589
1367559
192259
1130931
1425158
1426003
212855
309385
1447368
279026
1320670
1430924
1225541
1287296
1206361
1558870
1154182
1261088
137188
1544717
126680
1370550
1123711
203192
1305480
23620
29550387#1_1.029788
1344583
29550387#1_1.026751
1424856
29550387#1_1.031807
1262946
29550387#1_1.025011
1289279
29550387#1_1.031780
1368694
29550387#1_1.025889
1304760
29550387#1_1.031549
1493521
29550387#1_2.027743
201858
29550387#1_1.025418
115619
29550387#1_1.027488
1256056
29550387#1_2.026162
1098079
1022672
137855
155569
1220914
1530520
1452090
1404224
1534169
1186804
1294629
1214087
112294
1106897
15061
1158007
165718
1033117
1414306
1459837
1260533
297575
1318471
1005815
1093306
1418259
1484675
1491519
1162253
1016652
233254
1064132
1359498
1172917
1315397
1412873
223820
1225982
269274
1471180
1031798
1234904
305278
136958
1137142
59609802_1.030431
1221585
59609802_1.027340
1111446
59609802_1.028249
116628
1067652
1586519
1032572
1185909
1417137
1531832
1254934
1527169
1545437
1541492
390518
1286935
1191372
1578926
1581232
1287173
1283350
1519692
1050456
1353269
1249802
1424245
1404219
1077404
1378570
108891
1565101
1216200
1207239
131970
225740
1137595
1200395
1132052
1581579
1249936
1575059
1313617
1265939
155076
1417536
1179218
1118736
57868214#1_1.030312
1520642
1401070
130744
1116985
1106551
382304
1099048
57868214#1_1.022714
1145508
57868214#1_1.025705
1112285
57868214#1_2.027600
1102700
1283252
1451190
206200
1437078
24491335#2_1.025192
1106320
24491335#2_2.025812
1328427
24491335#2_3.025985
346751
1105838
1197716
1218697
134794
1373136
1100196
1124183
1217293
1057854
1263427
24491335#2_1.027726
1060013
1001611
154235
405876
1177213
1288761
1567863
20274
1203297
1093161
1256085
24491335#2_1.027205
1484984
24491335#2_2.027500
1208695
162004
1257400
114968
1046891
1255805
1078427
1287865
222870
1006391
1321737
132219
1163102
1438837
355296
1183649
400080
1176995
1365369
1336552
1231208
1475819
281192
1083589
1564786
12615
1257298
301189
1527582
130633
1187339
1334230
447153
1482742
1463993
206892
1022432
240602
115153
387096
1167891
157722
1544170
1338436
1175175
1446253
1522415
216710
1456238
1533164
1388329
1508440
1126387
169529
1380245
414346
1564431
120065
1526842
1282408
1472001
143263
101764
164931
1030428
1474292
1421048
1564889
1527565
1524933
1046625
1407946
298956
106020
246239
1090916
1164484
1242324
364678
1151010
272064
1572340
1084193
1540701
1435580
118342
382362
101137
1453295
1223941
1283082
1152816
1463466
105791
1382382
1414991
1528943
167541
1269766
420516
299560
245730
1219305
1474955
1419130
193939
1256648
1055413
246264
1045645
1537334
1160738
1077914
364060
109311
234464
1089186
15526
1530681
1135119
1055402
18959
1043165
140518
1135054
1152058
1185741
364727
1561439
1533731
1438676
1371750
152957
1383315
1348623
1587790
1564048
1488799
1576769
1531928
24491335#2_2.026878
1088327
1237511
1361292
24491335#2_1.032364
17685
1346166
1376755
24491335#2_2.027600
1488860
24491335#2_2.025747
1131126
1368798
1116476
1189930
181287
1525152
1365419
1444669
1412463
355019
116018
1249467
195727
1410028
1345545
149492
1247769
119769
59609802_1.028256
1100561
59609802_1.025750
1066883
59609802_1.022760
1541822
59609802_2.027281
197201
59609802_2.026948
1408196
59609802_1.029484
214537
1052402
1577882
1518337
472710
298984
1003161
118831
1168575
1139351
1559997
1272595
1141619
1061377
1391210
1278971
1152900
1134855
1476696
1196814
1178591
1491739
1011070
59609802_1.027419
1393816
59609802_2.026042
1500283
59609802_1.025850
361859
1119836
1086830
1067879
1496566
1593293
1497281
253111
1003865
100085
1354441
1523333
232991
1111278
1394292
1503525
1565174
1315876
1503630
1259626
1552305
1097291
1408639
1521445
1378592
252844
1216908
1466971
29094
1550186
1192293
120890
3469
149365
1047740
333532
1099807
1131780
1016716
1312428
1222828
1567526
1398871
138513
1464605
1060306
12249
317750
1077765
15233
1288493
1281541
1237321
155468
1181958
1539351
1374076
154952
1268799
1131959
1018564
1506261
1124627
127
1315254
1340894
1073571
1585337
1577155
1204565
1157509
1289311
1121280
1231184
1517860
254874
1130242
1520310
1253229
1339484
1128549
1200450
1045405
29550387#1_2.026753
1448718
29550387#1_1.024695
1201588
101041
1272341
29550387#1_1.024503
16456
29550387#1_2.027557
335296
29550387#1_2.026307
358532
29550387#1_1.028447
1387880
29550387#1_1.030604
1565058
29550387#1_1.024917
1070990
132858
349445
1113846
162910
1416237
1350507
1402843
103404
1172674
1539548
199041
1202365
1552981
121887
1487753
386660
59609802_1.027793
219273
59609802_1.024560
1314612
1060878
1362378
1048932
1070900
1001287
261801
1369796
1397101
1397150
1470479
1247910
142766
1318523
1177125
1420133
1136664
1132930
1223086
1532459
1262940
1006215
1283773
1114185
1358653
1461170
344237
117039
1341285
1286361
1051332
1159129
1541397
207317
160544
506894
1565089
110845
1575019
1480137
1050810
1563501
1265622
1542220
1403097
174751
1279509
1097349
1571240
1333940
147780
29550387#1_1.028939
1510554
236630
118059
1554444
118225
1423567
1106085
238124
1087284
1320373
1397224
1152125
1030006
1294602
1475429
291054
208898
1235918
1112325
1181742
1220267
323767
1083778
1561853
1143562
1369456
1415099
1317882
1429763
1152959
1299582
1211226
142456
1507452
119617
151031
1484859
59609802_1.023459
1275132
59609802_1.024933
1269
59609802_1.026112
1209499
59609802_1.026776
1197956
59609802_1.029704
1223919
59609802_2.025820
1119963
59609802_1.026827
1066641
59609802_1.026569
1044884
1453374
1267431
1038346
1488281
1371008
57868214#1_1.025182
1009411
57868214#1_1.030913
1431492
57868214#1_1.028809
1584125
1344408
107999
57868214#1_3.026924
277810
138682
1034484
1308208
1581394
1098733
1145519
306455
1393100
1520820
1461787
1064348
175753
573170
1154830
1310374
255596
1331011
1077039
1453963
187455
1578935
1063023
59609802_2.028228
1040080
59609802_1.030575
1067529
59609802_1.027973
1063583
59609802_2.028103
1182683
59609802_2.027540
136319
59609802_1.024517
1128736
1250540
254961
206665
190866
1081596
1577734
1450089
1396331
1000077
1213906
1529192
1214326
1014065
1513899
1169060
1168362
1118525
1054543
1389141
1340078
1467210
122940
437353
1593001
1468362
111696
1084362
251727
304441
1121526
489674
1481748
1223321
1203831
1484634
24491335#2_2.026171
165137
24491335#2_1.024644
1391037
1316407
1278671
139216
1196063
1213828
1575124
1475863
422688
1562570
132183
57868214#1_3.025761
1440991
57868214#1_1.023736
1010612
57868214#1_3.028179
1589782
1534796
1371531
57868214#1_1.029765
1108216
57868214#1_3.026482
147715
57868214#1_1.021979
232872
1451930
258798
1062897
1248684
1338023
192521
37445
1464
1187650
1281376
1252372
1218122
1348222
1578209
1262360
1355359
1381249
176854
1591094
1495633
365562
1252897
1216108
1219140
1172671
1086351
1502855
1507966
1464377
11435
1462661
1053928
196462
350574
208319
1546240
1046734
1326148
1348627
194280
1405256
1158862
1065214
1239041
1092766
1121702
1017717
29550387#1_2.027729
1536315
29550387#1_1.031109
1511210
29550387#1_1.029191
1441126
29550387#1_1.030686
154569
29550387#1_2.027361
317253
29550387#1_1.027947
219985
29550387#1_2.026634
110864
29550387#1_1.028278
1043503
29550387#1_2.027562
1325295
29550387#1_1.028790
1583543
29550387#1_2.025787
1150620
704074
1260186
123150
1242039
137393
1402
1187047
1252299
1434120
1000670
1061322
1025328
1412397
1385848
118372
1501563
1287079
1535369
1492323
1279836
158220
1290059
1228802
1490828
381139
1257664
1100625
406491
59609802_2.026021
1326362
59609802_1.024507
1476609
59609802_1.029211
365938
59609802_1.024700
1073262
59609802_1.029850
1159180
59609802_2.025909
1072820
59609802_2.028104
1027395
1012264
224767
1353554
1458065
1534673
456931
1026463
203349
329451
1588887
1014883
313131
59609802_1.031366
101816
59609802_1.027662
158685
59609802_2.027971
282549
19606
298587
254649
140198
132168
1008962
1486838
11554
1054101
1311166
1321179
1085736
1459922
1265964
162175
1094373
1255043
1248965
1446597
1180531
1214181
1377637
1134658
411647
1120069
1392524
492239
1339594
1256915
1279498
293002
1403502
1281022
1075724
232789
1185150
1250220
1527271
1451500
1258730
1454859
347475
1027190
153946
164583
1349032
1574231
186630
1009881
1451692
1324803
1108804
1551012
1453398
1166992
1253223
1066080
197073
1436962
1535662
1430229
1142581
203603
1241107
1129799
172988
1043434
134967
101078
1479207
1347163
1101548
1481882
1533809
1362465
247045
1548081
271100
302715
1528919
1551797
1097583
278881
1228717
1443266
142882
160821
189351
1260359
218268
1530456
1548752
1376075
150593
1264626
1410169
1473922
181801
182617
57868214#1_1.026663
1134643
57868214#1_2.028063
1003473
1183503
1432087
253237
1081777
128700
1323595
1098116
1365000
1211606
362726
1370562
1458992
14241
251837
270898
1085630
1087837
1056100
1274912
1115583
24491335#2_1.030172
1092435
136503
1379918
384324
1172713
1200873
1149035
438466
1504131
24491335#2_3.026538
1300876
161959
1213030
1065211
1423125
1000602
1581257
1173183
1395389
1191206
136079
129247
1520115
1271531
1321908
1556408
1588968
112782
1434963
1015241
1134513
106433
1286492
1220600
247708
1114891
1197958
1424929
1032095
1502364
1249860
1008352
1382872
1454287
1160306
1427402
1497828
1087775
118272
307975
1503170
1008822
1420678
1510385
59609802_1.031162
1535657
59609802_1.026517
1143530
223309
1180648
1214223
1503974
1118262
360428
117762
1039770
175983
38013
347085
1425950
1396838
213646
1277575
1233000
59609802_1.029944
1035531
59609802_2.025835
1399383
59609802_1.031767
1406129
1564655
1322707
235405
1221689
1503288
1188982
1334978
1133626
183760
1299749
1281833
1012505
286890
1274381
1263629
1579074
1338498
1253254
1465029
1112974
198614
210503
1286012
1096945
1548133
1188313
1146344
1298533
1400527
1588542
258596
1116931
1123656
1560411
1347452
186539
1278781
33542
1447630
57868214#1_1.022471
1084182
1145365
1116989
1196284
1433005
1115245
1088194
1419876
164124
1387877
119735
1120764
344338
1463011
1059512
1045240
1020778
225090
1546211
1427436
1277922
1000991
1564821
345564
1180014
1286938
1051707
1095236
364062
16032
302288
188695
1477686
1206593
1300712
10971
1386067
236208
1239416
1044660
1491795
1256877
29550387#1_1.031567
1359346
29550387#1_1.028514
1456205
1246304
1220629
1037167
1355240
29550387#1_1.030173
1263317
29550387#1_1.025351
124993
29550387#1_1.031419
1352008
29550387#1_1.028490
111884
29550387#1_1.027181
252035
29550387#1_1.026286
303520
29550387#1_1.025451
100899
29550387#1_1.027643
119295
1227124
1268068
1340595
1116517
362701
1309925
1429330
1454149
1008523
1398448
440013
1524543
1385773
1090688
112880
1303261
18274
1237126
1363006
107438
1229163
1501887
1079390
251187
1234247
144518
1096219
193958
229900
1151140
1548439
245597
1077173
31931
100870
1410303
1025712
1532781
256193
1291516
1193763
1098682
1441120
1351180
33337
1108521
1173855
570730
274903
1232114
107642
1049619
1243271
1449622
1007466
1058004
1196237
1265663
1451503
1378197
1211129
126446
1325319
1285951
130274
28823
178366
138135
117782
1478950
31978
204745
1460211
1142784
23170
465309
1411971
1119424
1313516
1160546
1495162
1437952
1044652
1274820
229636
199417
1499968
1279894
1344833
1408211
1253958
190229
1055714
1173401
1186308
1064545
1309002
1388924
1463592
1402972
1122926
1294003
1221427
266659
1190547
29550387#1_2.027685
1202232
29550387#1_1.027620
367829
29550387#1_1.029341
1455762
29550387#1_1.026597
1491361
1062543
1433290
1063907
146141
1115209
1435306
1053842
1045538
1403660
1079569
1114574
1495378
139198
1252779
1358975
1294173
1529392
1181424
59609802_2.026588
1432144
59609802_1.023954
1540408
59609802_1.021617
307894
59609802_2.025688
1335162
3453
1550647
1116787
1108254
1141251
1187741
1087115
234182
1291415
1440555
1124799
28053
137647
295158
687759
24491335#2_1.025669
1435508
24491335#2_1.031655
362689
24491335#2_1.026344
1147531
24491335#2_3.027575
1419184
24491335#2_3.027056
1539166
24491335#2_1.026374
1590943
1367332
320618
1129391
1160222
1253087
1119903
398131
1019753
1445067
263665
57868214#1_3.028090
1064521
57868214#1_1.028786
1051179
57868214#1_3.027771
33868
57868214#1_1.028158
1180319
57868214#1_3.027419
1398380
57868214#1_2.027089
1299641
1051826
1372156
1499544
335151
1429588
1187155
1413309
1019674
1121184
1010449
19449
1567299
1075592
1506792
347641
1493197
1104240
1363906
1435412
1515384
170021
1101273
267758
1559653
1368356
165962
1103055
1278366
30559
1506406
1143979
1002695
1493356
1214259
1465201
1369214
1015082
141084
1455827
1296931
1153905
1404827
1353381
1103150
1213950
33783
1482721
1385343
1251871
1334724
1303079
1382759
1066768
1230089
158717
271313
1075753
221337
314533
1444574
183466
1324981
220179
1177802
1357467
1216269
201443
1145974
1542647
1403226
1220594
117505
1411401
1370438
1531818
1180034
1292258
1066562
1024586
1104256
1456896
1094236
1420101
1950
1043951
349980
1181860
1402198
1172624
1563776
1560090
145817
283729
1490606
100715
1369573
411528
1120690
412026
1426504
151206
1190227
1257098
128500
1066486
1237759
1291871
1160049
1041830
1433371
1215561
1439728
1448676
1164332
293599
1256060
104657
1039365
1226647
1267843
1476020
1080689
1457377
1083150
1440497
1544679
369229
1581999
1193271
1500387
1542665
1151023
1114502
256652
194312
264276
1122569
1415217
1057956
609915
1568491
1136402
1125490
1408259
1166798
134974
1474988
1031669
1066503
1252728
1126477
1415237
1195498
1086588
1117821
147871
1405848
1026758
1366867
267947
1124942
1094443
1395523
1239402
1064324
197746
1258911
1089902
61644
1364065
239883
205944
1053020
1149563
1334569
266120
1285264
1274167
1098659
136048
1482439
130844
1488986
1561784
1532676
59609802_2.028243
1486316
59609802_2.027073
339870
59609802_1.026467
210521
59609802_1.022272
1569692
59609802_2.026209
1268617
59609802_1.022066
276950
59609802_2.026339
1252316
1593397
1194139
1031714
1093330
1029548
1497092
29550387#1_1.026832
1015472
29550387#1_1.026943
1158833
29550387#1_1.029792
1527087
1173272
1258059
1550472
1071436
1209456
1553922
1384421
1366939
1488797
1418839
303238
357844
1375413
143668
1380031
1219912
1397265
1153103
1265473
42473
29550387#1_2.026013
1316745
29550387#1_1.026815
1241287
29550387#1_1.025081
1497599
1288745
1585387
1108761
1375330
1010927
1185747
398409
344944
193191
1451015
1135566
1389499
1476938
1073897
1367487
1549467
1269868
294436
1392790
1553680
342555
180595
1026510
1520384
1433764
1343
1230066
1204999
1465596
1545338
160728
118468
59609802_1.026005
1015749
59609802_1.027839
120957
1137744
1558454
59609802_1.023265
136126
59609802_1.021917
183995
59609802_1.026864
1205713
59609802_1.025496
1487375
297060
224141
209447
22778
1323010
1103709
1331841
1376280
1141797
1559070
1370969
1263787
1392827
102324
59609802_1.027984
1512957
1145223
1061349
145531
1249656
430601
1487298
1031817
1088646
1231620
1484530
276482
1340772
1318603
266753
451258
1005600
1489351
1284478
1269906
1531225
1055665
1082721
343187
316276
110344
376985
1101392
1258452
1387081
1122663
1312734
1038178
1381609
1705
1530795
1043784
24491335#2_1.027647
28674
1161845
1405820
1511578
114674
1072691
1412093
1141875
1171874
1054873
1036475
1050572
509034
1096074
1397971
162756
1532271
1586103
1452463
29550387#1_2.027750
1310901
29550387#1_1.026079
1314129
29550387#1_1.023919
380598
29550387#1_2.025927
1447074
1327332
1374443
22209
1472309
1002312
1525810
268823
1210498
1002322
137391
238140
1401379
1506643
1338069
1459663
1122152
1265468
1154412
1489985
149850
1529901
314626
1045354
249441
1272391
1538623
1096981
1146305
1374528
1416838
1071872
1074113
1159568
1128467
1127699
220377
1359591
1223205
1295147
1066786
1219742
24491335#2_1.027960
1255589
595601
1351928
264596
1321340
1085579
1056635
205597
1169529
1059738
1167904
1581066
1530632
57868214#1_2.027698
1408645
57868214#1_3.027793
1537567
1337349
1458072
113768
1157936
57868214#1_1.029283
1250834
57868214#1_1.025834
1363903
57868214#1_2.026378
1438976
57868214#1_1.029236
25641
286105
1448382
1062696
1135721
1030878
1249102
1240352
1570017
306260
1153538
1261485
1379710
1486710
1473658
1037851
1046288
37350
259124
206646
241665
1012866
1305597
1098044
1126604
1151550
1258263
1483779
1114506
202964
1169414
1160638
235113
1445937
128940
167457
1262891
1115833
1174999
1409243
13973
1402627
1449549
1416988
1197001
1017082
1092986
1057862
545720
1138288
178918
1341677
1118399
1232526
1205077
1154526
1345292
1302302
1572792
1467765
1003674
1021371
1051879
1497491
1338809
121390
111586
1277335
381781
729913
1100960
1099691
1498326
1489557
146625
246666
157788
1356212
1457023
1252197
158925
1237557
161900
289740
341518
1418487
1205527
31766
1078415
1283698
1190059
1203632
1567611
147562
59609802_1.021835
1125888
59609802_1.029067
1278739
59609802_1.022084
1290057
1356931
1421652
1122651
140848
1165631
1015644
1058568
2168
1198597
1174106
1547344
1348417
29550387#1_1.022001
1036002
29550387#1_1.023844
1383917
29550387#1_1.023947
1088786
1168038
154819
1238227
1224951
29550387#1_1.024068
1031067
29550387#1_1.024970
199907
29550387#1_1.023048
1171140
29550387#1_1.024852
313844
1263674
1280432
1226731
1212155
1000414
1249630
204414
1100727
119361
1444504
59609802_1.027255
1252169
59609802_1.028647
1132559
1508326
1257179
136718
146978
1152795
250940
1292201
1254219
1359215
1571293
1585505
1135631
156901
1272720
1226627
291882
1310466
1240082
1347794
1103783
1363406
1071158
1170374
1169501
227582
1574879
1274510
1445460
1519888
1006932
1536560
1505235
1061527
144130
1417498
1552968
1162506
1349473
1301707
1566447
1194591
1359296
1222332
1399935
1549087
1485479
1470691
14033
1021241
1097132
1410305
1204600
57868214#1_2.026121
385643
1033683
1396524
305954
1048359
1514623
1021647
1490798
1460354
109082
1449643
1195519
203385
140950
1553702
1313005
1420664
1125534
1562757
1403624
1126839
236014
1032991
1454936
247894
1297129
278199
1192933
1387621
1153647
1510644
1215317
111320
1020816
1189584
1438590
1328404
1541679
1348271
1554617
1445052
1003280
59609802_2.027588
1304065
59609802_1.028142
174096
59609802_1.030733
436050
59609802_1.027351
1309419
59609802_1.027378
187224
1161601
155621
1024651
272618
158883
1356467
112405
1375584
1418552
157537
1108881
1213496
147365
1474478
1466400
340540
1473614
1041101
432484
1583515
275288
1379163
152615
1259466
1434234
1238641
1472919
168460
155360
1064823
1481720
1018567
132997
1497836
1569408
1289139
1260168
277380
1458037
1150953
360321
1361640
240252
1241763
1239248
1351193
1099082
1557860
1496965
221810
1183643
1113689
1366078
1274144
131766
1070593
1176098
1099309
1116634
105511
1211146
1216361
1291805
1566981
178533
29434
1366216
1456161
1092724
1029662
1390921
1060611
1254980
1485665
155700
1210187
1520894
1401672
1127489
363309
1049856
1588446
1465965
382528
1337695
1112418
1128491
1185826
1552546
1058838
1521525
255243
1052368
1104679
1203460
1324682
59609802_1.029806
1119316
59609802_1.026991
1393104
59609802_1.025491
1364638
59609802_2.028260
353070
59609802_2.026909
247847
59609802_1.031266
1384335
1207308
1579789
1191889
1377407
1123352
1099285
223201
254946
1367410
204937
1349552
292871
1580581
1150232
1229492
57868214#1_2.026589
1156793
57868214#1_1.027932
1478523
1084231
1170292
107696
238563
1434049
1380487
223321
1486451
1115464
114469
1220778
1186496
1293104
1207250
1149964
263640
115367
1434459
57868214#1_2.025786
118392
243636
225439
1241199
133656
24491335#2_1.025414
112374
1092099
1096631
231395
1277646
1163021
1105727
1542230
243288
1272377
1536340
1416508
1081788
1329088
1260358
117312
1175934
1193214
1040685
1351184
1407320
1178597
1129327
1476520
1106974
1493785
133076
1518794
121377
1471339
1386544
1476925
222606
302139
1043561
1193596
1228134
1060197
1050750
1588113
1109984
17385
1549200
1502816
1099777
1386356
1410468
1473954
59609802_1.027136
1280828
59609802_1.028820
1042967
59609802_2.026695
1262402
59609802_2.025860
1310114
59609802_1.027065
1515264
59609802_2.026335
23302
59609802_2.026648
29039
14077
1004018
1306095
1453591
1027499
168584
1298801
1451258
171461
1512707
1338632
1457644
1430991
203856
1487430
1043990
1020545
1308701
29550387#1_1.027268
1063497
29550387#1_1.026951
1520256
29550387#1_2.026104
1154993
29550387#1_1.027894
302853
29550387#1_1.028562
1215169
29550387#1_2.025772
1331505
29550387#1_1.031261
1566377
29550387#1_1.024418
1274830
1048688
1203404
1396917
1127993
1520988
1046474
1247052
1349497
1375368
271451
1192216
1146544
1484636
1122011
1231054
14862
1388703
1350094
1545413
205419
421865
23088
149162
226836
1223931
1494053
1047022
1283334
1415750
1282902
1383219
1199631
1443900
1500807
1123267
100177
1029919
1037296
1404301
1555163
1194210
1559135
1072740
1227209
1127996
1258941
1155493
1209843
100338
1163366
1469931
251179
617432
1179166
1239388
1330725
153268
1214430
1186096
57868214#1_1.030024
1160741
1338226
1473476
57868214#1_1.025612
1517123
57868214#1_1.031377
166968
57868214#1_1.025003
1341504
57868214#1_1.030896
1433331
1017057
126648
20822
301388
1344479
484633
1489108
130551
1352704
1099919
1399883
1481370
11615
1426395
1246349
132429
24491335#2_3.027756
1363796
24491335#2_2.028203
110649
24491335#2_1.028553
1059881
1256729
1252867
1383257
377599
1267121
1099564
1393916
1040238
1033046
1066368
1088000
1505634
59609802_1.024243
1260861
59609802_2.027241
1015507
59609802_1.026053
1137984
59609802_1.028661
338000
1358449
1483954
1305259
1067836
1230343
110523
1422397
1305764
215970
1507347
1470180
1053560
1371424
1217391
1564826
1107381
1272491
1205902
300905
1013054
186446
1054968
1574589
1330419
1436093
1530548
1569294
1246323
1375182
168321
386362
165698
1285246
21801
29550387#1_1.022917
1412671
29550387#1_1.028525
1413678
338759
1481640
1355506
1405406
438300
1424985
1017762
1176316
1008619
1353608
1162313
152046
1410995
1338265
1319718
1469665
225459
1399987
138715
1318586
1392359
191539
18044
407742
1222842
1281085
1445626
1274454
1414490
1166931
196966
23061
1070546
112581
1360653
1372439
1032082
1280288
354406
231949
1039654
1534174
108185
1007656
1440319
24491335#2_1.027621
415546
1025099
11965
1403913
1541039
203287
1190597
1225417
1113680
1134322
1450184
1515479
1260880
414726
1153967
1085513
282678
1063388
317412
1372022
1511166
1427147
1075157
1429072
1216505
115852
1301950
178373
1438584
1276979
145548
346448
237325
57868214#1_2.027340
114533
57868214#1_1.026147
1507801
1516902
1573618
1524150
1030563
1397360
179909
150346
318030
1241714
1136067
1111959
1162303
1093254
1226564
205198
1429880
1313925
1176330
1066890
193259
1215818
373875
1092107
1433388
38941
1140282
220173
1304000
1439354
1431693
1366328
198345
1033230
1145290
348481
1591675
1339852
1170852
24491335#2_1.029226
1276706
1411278
236876
200644
112440
1111598
1088697
1389509
1051522
1034784
149046
1158761
1308919
1527961
1141202
1094448
1189060
22922
1423622
1526818
47292
115110
188678
1254580
1406104
1227098
1569242
102337
422567
1192204
433193
1010158
1267744
1082981
1205624
1394099
117058
1454051
1528974
1025507
1264262
219828
1334782
1540627
1092596
1354500
1561356
1377246
1107837
1296190
1085759
261256
366663
214260
120189
140290
1208845
1048895
1163451
1186683
1537887
1340126
1515828
1506924
268623
1507569
1367773
1475271
1007739
1545776
123921
152731
1219264
1085135
1137795
1003965
1338297
1311111
288426
1022178
1097853
1309293
1196370
129016
1478458
113508
1258408
1152733
31749
147161
1277774
1415922
1158945
288273
1348446
224202
1547651
1163543
1411033
564029
259675
1342618
1461127
142536
1011835
1073577
243525
1174206
1315393
1031117
294143
1204137
1385753
24806
100404
1138636
1506334
1560973
1054496
152464
1258155
1432583
1105418
1336167
280915
1493374
1074202
1113511
1106474
1072438
1111194
1067408
171521
1492452
1529353
1263809
1253275
1468798
18050
1186581
1088625
1379363
1557942
1533251
1062379
1561482
116652
1172185
1583083
113997
1269700
126785
1088595
100003
1507266
1558571
1279200
1243189
1432818
1512647
1151538
1053698
172299
29550387#1_1.031699
1377261
29550387#1_2.025961
1189986
29550387#1_1.031965
1284890
29550387#1_1.030181
1482343
1095589
1387984
1114584
114332
1573479
1357051
1121533
1080416
1187670
155577
1135925
1274935
17628
196981
1546213
482470
1244093
270466
318077
442990
1276537
1407118
249023
1222369
1073406
1379246
1372074
215191
1353117
1215674
144042
1994
291703
22633
1007401
1071983
1217765
1100170
388716
350214
1156427
1235603
336680
1586461
1115711
1107726
1056228
1270061
1164873
1171185
1283210
1114358
331654
227280
177137
1574627
1241229
427851
1025401
1055104
57868214#1_1.027213
1529069
424755
1200229
1164882
1172187
1562470
372597
1543479
1416676
210380
1533440
1012649
1240324
1246723
1302409
1131703
1429950
1303873
1186759
1425888
1361018
1420859
1468734
1285307
1322465
1469470
1553310
1270638
1427655
1413470
1283974
1370757
1436945
1104454
104516
1328314
1452658
1138477
1082991
1389254
1569235
123289
1399744
1246212
1368063
1244681
11571
1050335
1005192
1156546
106386
209719
1480939
1270796
184030
1191164
1528933
501112
1105971
146854
260421
153391
1468838
1001523
1246527
1482820
1192653
281403
1415722
1502497
1464215
1187109
1196112
1143599
101476
1384974
218250
1254379
1042218
1053961
1116667
1563402
1281722
1263062
149696
1087401
28489
1026676
59609802_2.026246
170764
59609802_1.031003
1546169
1366978
1556325
1346789
1161345
1392545
1540749
1205058
1450006
1586332
1519765
1299724
144418
1037309
1379139
27235
1492472
1220621
1444647
1060297
114816
1064944
1273156
1326168
1301801
1362522
1028550
1116583
1315944
1475585
1349385
1176299
1424739
1170469
1200882
1454865
1421229
1103608
1067271
1180803
154641
1527447
243492
1099700
253441
1470325
1072419
15757
1430101
197083
348919
1373837
189498
1225565
1054177
173554
290949
238506
57868214#1_1.028102
172038
57868214#1_1.029510
1067061
57868214#1_1.027458
1540735
57868214#1_1.032054
377731
1050664
1267185
1494941
12961
57868214#1_1.029797
1364001
57868214#1_2.026200
27426
57868214#1_1.031712
1516126
1093260
1467547
1441146
1198878
24491335#2_3.028199
1186699
24491335#2_3.028091
1578356
24491335#2_1.028618
1385960
1399416
291390
1539983
402825
1382726
1533847
438870
125166
1414234
237641
1425043
1419787
29550387#1_1.028209
1129494
29550387#1_2.026977
1055543
29550387#1_1.028914
1340516
29550387#1_2.028162
236582
29550387#1_1.026214
1087052
1390186
140173
1536616
1245111
1463181
