1181180
1511784
1523911
1488067
1163909
1205985
1532028
1143555
1173020
1012029
1521791
1503631
170449
1267291
1135072
1372647
1201850
1480389
1147452
1420502
1077197
1383062
1238529
1003215
1203036
1101980
1256688
50364
1552119
1069429
284131
1113452
1148945
1331999
1500690
1171951
1061817
1386777
1228749
1469435
1000868
1172625
1173021
1400329
1462292
1499430
309500
1299264
1256832
1143554
1503814
1036088
1361038
1555330
312118
138007
1196377
513923
1442408
1313933
1266876
1046534
1398946
1162674
378159
1490631
227144
1550749
1403124
1193274
1446491
1485184
1091374
1066742
197183
218488
251202
1219786
160496
1101709
1294298
150903
249675
1089404
215557
1439658
135931
1517436
232434
1016623
352942
1507348
159072
1512770
1165829
309179
1198705
1172103
21715
510447
1072761
215593
1495067
1519992
1316488
1511783
1339238
401363
248980
1004102
292334
1567342
1441917
1141197
1159722
225467
1064425
1573706
1144399
332589
1142447
1159596
1049866
115461
1169990
375468
1144398
226066
1374703
1226648
198171
1059871
430822
1036396
126358
1573948
134283
1400328
1434449
40044
1548149
197488
1062869
1088182
1537212
1480388
1332059
1414954
1406306
1158280
1260480
1526847
1532912
279830
1310979
1217930
1579504
1337270
1360192
1067272
362290
1157478
1308970
1535848
207633
1420355
1255601
1217005
1526469
1232185
1250812
238073
1059840
1403564
1099327
1371390
1468836
149132
1264273
1115344
1076392
1260369
117141
1171078
1573373
171282
1295015
1519703
1425082
1316182
1230646
1270639
1222251
1529846
15060
11057
1322985
1344088
194691
524868
1436379
270951
313719
1271354
1052402
1178194
342486
154642
212293
128624
106694
1409088
224182
1056018
1238737
1157258
1368896
1478886
319581
1056497
1347598
1495163
1364846
1283390
1026915
202916
1321410
1300496
1211959
209751
1442674
1244785
502990
1345716
143842
343975
1377485
1250299
140331
142670
1464123
1356673
1273959
324816
1427235
177364
214379
1293209
1382216
1227128
209447
1337471
1365740
1496624
1564276
1278608
1066657
139625
312896
1158237
1492177
1325314
1274446
273748
1435598
1418477
1294621
274845
352722
160545
1434435
1329542
395061
115460
319952
1084936
1510144
1171950
1572287
223059
1276080
1501094
285293
171106
1134922
1469061
1538542
1491984
1579890
1288220
125658
1172989
1234203
1244457
125337
1392167
1156286
1357314
1182076
1033432
1428293
1494326
1507547
1539136
1067190
1136708
1279167
1383125
1306053
1347875
1301901
297916
124568
1222711
1029548
1348148
157001
192866
19885
127218
1065828
1347613
149758
1049391
1113631
1417613
1135073
145928
1557080
264083
1107530
10378
204580
1277273
1223748
1173523
1574533
1402004
1393834
1015567
158126
1456576
1043079
1036442
1561034
1107382
208035
177363
1169959
164886
1556789
1378330
289952
1456838
1224042
132047
153562
1112750
179176
112212
1282617
494703
1441536
1217148
1016379
1157026
1116410
1073946
1306104
1135617
1004146
146533
1142062
150519
102214
1276965
1240012
1080164
129348
1087532
1394166
137616
1185625
1527459
215219
117447
1150261
19442
1450903
1297549
1551835
1176409
1099222
104658
1463727
1232527
1091946
165663
1049921
1573729
297060
1507336
1143108
204944
131978
133921
1361273
1274297
166726
1422749
1466861
148455
1210305
1581840
1571988
1463890
281381
346843
364494
171267
1413565
1474853
1086386
1276007
202802
1258615
1022948
45350
125457
192819
1485399
1009429
1167592
1059872
1410187
1178935
1155049
1459004
1274387
1041020
1170713
461400
1298233
355846
1247019
1395648
1501689
1138289
1508486
1579957
466992
131369
314134
1057727
1473018
261944
1459572
1360109
1145827
1422949
384838
1507178
1122375
1211112
1466374
1022611
1206264
1485708
325277
1446281
1323290
1314846
373268
1481697
1360290
1417670
1088375
1237056
1552460
1211495
1039984
1229331
1492372
344091
18689
1086031
1208199
1108579
1329071
1504867
227985
1223988
1581498
1061563
271447
216956
1589901
1340265
30315
1459340
1402876
1564282
557116
1118041
1503660
1072384
340049
1380015
1069758
1160028
1483567
1405407
1184758
707598
1107937
1476222
1273033
15054
1461505
1540551
1062926
1152438
376389
1252044
1243698
1158279
1358808
1046533
1500143
1465647
258945
1413947
1124583
161933
198863
1052935
1496583
1003866
1036682
1366817
1591785
1306580
1018944
1164651
1059297
1269888
1468109
1144220
350375
1183482
1101601
1300611
1538734
1157211
103924
1368722
512572
1135952
151945
1368617
1152218
1253000
237763
1551337
1570293
187399
1003493
1151006
1172356
1450828
1569986
1121564
116918
1457502
1420160
1216220
1378549
220442
154074
1202126
1417554
1556659
1075881
1331130
1515681
1489558
288731
1318038
1507425
1077117
1372250
1060522
1221532
10279
1212497
1338833
230867
138770
1522305
1538295
271457
1489477
250792
1449958
1366767
1099561
1017549
186146
1333265
1036227
1200450
318296
1064452
1291939
226282
290919
1094236
1427961
1486816
1290452
1262608
1140355
1500110
1505946
1370835
50363
377707
1519991
407003
1533016
1311689
1481032
1035239
146142
127995
1477079
1410059
1492352
138135
1058377
236630
160167
1017193
1507495
1300830
351673
1209455
1187542
1503175
238938
1087177
1351896
1177598
1028777
341896
1440066
1491683
1345559
518765
1334459
1576628
1192733
1219379
1416989
1571373
1124170
1012351
1430632
1102065
1300610
1548123
1521401
1285388
1024494
1016903
224743
1203068
1184362
1383421
1559627
1396070
1206916
1184302
334223
111134
1575020
327681
1499720
1038802
1529798
1205877
1331729
1178445
1565174
1277287
1394292
224276
1394148
1244909
396783
1211638
1153263
214380
1233959
1270242
1024987
1526166
1481589
1363757
1324355
158537
1110283
1503642
1120823
1490821
1027038
1133656
328409
35602
1217929
1002193
1475600
1244090
1393130
1339484
212013
1389133
188454
1224342
1502293
127079
264976
143237
1232526
1273711
1229026
1251390
1309147
1556419
45695
213024
1107381
1321721
1323646
1272566
1196592
124490
1366804
1151528
1521475
1369004
1221485
1488225
294331
1481106
137384
1356788
1247647
1142784
1302143
1432911
281974
1106390
126492
1547344
1104831
1393606
1499969
1383279
137620
1520827
1082279
313669
1426343
257891
1486044
11075
1137027
1045659
1167837
1150863
495654
1461133
1366244
1526088
279098
173217
1043165
1592371
1043166
1180892
150145
1186976
169310
1558809
1573625
1135136
1558554
1436427
1001503
1457660
1367589
1055454
1098903
177798
1288791
1443804
1294993
1134393
409770
1456743
1340447
193191
1118807
1554265
1533774
1113530
1069124
1285345
1439042
215239
1470479
137981
1389189
1313062
1230654
1449225
214743
1215972
1343364
1448411
1337470
1187160
333699
112917
1235706
145490
471002
1444574
1450973
1116162
1284478
15205
1066486
1542709
189620
1190157
1217391
1466025
232991
1182563
161946
1471475
405945
393704
1278638
1015056
1565982
1358975
219764
1529392
1171340
1277392
370662
1237328
1552176
1570432
1257162
1241794
1382376
1344752
1057341
460453
1444481
28823
1074565
1321082
1407029
1043252
1440082
1053121
1378378
294261
1301968
1529609
1129148
1105659
1478160
1009591
1535643
1073317
1328376
156714
1135466
29550387#1_1.024956
1235990
1555101
1147248
1334106
1221934
1040342
1503630
133485
1424404
1107020
156982
1318002
113977
1417077
1299258
1148597
466057
1020403
1092912
1412446
1316867
59609802_1.024903
258004
1393582
1098110
1366978
1334835
1203511
1573336
1031714
1402052
1208150
145927
1079900
314574
1165265
1229976
177729
1592495
204414
1453673
1096074
1161728
166377
118843
1471919
1415905
240659
142766
526311
1405116
1541500
1273748
1324981
1314176
102670
1547216
1006103
1178698
1227666
1244009
351535
1528591
1421053
1201298
1013068
1102593
1391128
1258562
1311847
1079961
1238666
1291657
1279662
1142934
1445393
1529292
1343203
1365913
342192
1425871
1184221
1045215
1462666
1547554
1536213
1566074
1327332
1256927
104900
1548956
1110496
216721
1082457
1073166
1364575
145230
199156
599691
1412410
142173
1102219
218447
266327
1506484
1172746
1070494
1121968
253441
1341927
1351622
1514069
1448792
29550387#1_1.022105
103965
29550387#1_1.024906
1378322
1178579
1273678
1166029
1416615
1144392
37193
1337388
1539681
417518
1420354
1030479
1365959
1068316
1225234
1458220
1316063
1471062
1405309
131611
1434803
257553
1030063
1270290
149349
1579066
1575173
59609802_1.022938
1233962
59609802_1.025842
1393881
1040758
1046774
1560916
1229134
1045120
1387442
1432817
361191
313663
1553934
1418434
575501
113474
1274016
1454194
1407737
1028096
1000053
1520968
1202990
1502312
1137203
1490207
1196528
1400121
1151448
1271674
1043562
1390760
1421752
1440848
1012223
235967
1134611
1466321
1323738
291397
1433889
1188393
176215
1567821
1547424
1408382
1192690
1316484
148814
228731
1336723
1428632
380746
106327
1220805
1392892
1037901
1506945
1103882
1346347
1064886
1470143
1341532
1263942
1298746
1153917
1137922
1240591
1500968
1579064
251828
275487
1209403
1103075
262654
1053888
1493831
1097751
1389395
1470259
155679
1112018
1176039
1510490
1158525
1383561
216555
1403058
1274015
265752
123099
1512719
1102883
158864
1202756
1087521
1087146
1292772
156891
28431
30258
1190200
1538642
1559065
1346228
1083278
1128435
1269236
145526
1207259
1010275
104450
1154518
1439327
1204840
346687
498344
1229578
1137109
1263941
1553933
1043482
1407736
180521
204139
1480156
1408399
1481024
1171867
1453397
256294
1185066
1299166
1241786
1432180
1309388
1164310
22916
1514110
100444
1086762
167070
1284610
1359248
188317
1001718
1020484
1132699
101513
1090355
226219
1462830
1383220
1217241
453643
1038010
1140801
203392
1196527
1159475
1072763
1276973
1376308
1031872
1102978
253688
300925
1043630
1074720
1086333
1501130
233788
1002406
289519
1130377
1261447
1109552
1181122
1195330
1479551
1145403
356235
1285256
23224
1184637
1287233
1150114
1178765
107042
173764
1137202
1107655
1209402
1112678
1408641
1065471
1130800
1452522
1267582
1004100
1462028
1435169
1358283
1517196
1510318
1505357
137394
1565851
1515227
1008007
20022
25030
1280131
1117539
1130432
1283998
207825
1161698
1479596
1494258
1552668
1532914
1112338
1469003
1247255
1002366
1347969
239756
1281946
1039404
1398794
1439323
1505047
1521854
151791
1207148
217941
1139461
1502630
1055851
1573576
1079422
1162777
1293155
1294750
1485339
1430839
1584396
1375146
1101946
1415815
1045019
1251596
1428657
103091
142544
1519058
211586
1064469
1542483
1060465
1030414
142434
1339342
1225588
350410
274103
1043423
1259487
213413
348698
1148725
366934
1567865
1519641
36357
1327846
1198784
1039819
1093872
307488
1282815
1113375
1382171
109954
1271675
1497473
136713
271692
1319943
1571008
1061683
1038148
1348106
381139
1403623
1100625
292032
1097908
1098520
1162326
1220531
1467635
358443
1228452
1079423
138558
1272740
1331924
1007118
1290154
1525383
1240235
1356319
103570
1345943
1430517
166851
1182586
1346915
232526
1406830
1464130
1081454
1373230
1329211
404447
1520969
1391014
1259230
1084409
1548895
1098527
1203446
207744
1401287
1081023
1375376
236
1587758
1080581
1051238
1369851
1482756
242229
1477338
1055212
1055298
1293781
1528506
1059433
1142722
235405
228137
1228802
283622
1052368
1064500
1007238
10383
1290144
1176048
1377856
1328674
411554
1292549
344900
1077389
1209370
1116749
1187808
1094801
1415816
1523688
447917
1229256
110813
560900
1443050
1244506
1058291
1028154
1484184
1549482
1542031
1289034
1524093
1323769
1168417
1210118
1372833
1011388
1265449
1252098
1004745
1215011
1174580
666701
1483992
1496960
1250348
1191393
1119966
1124504
390329
1144081
1492821
1500599
209888
1136551
1245287
1515433
1108274
1150595
1330930
1083551
1334952
1183945
1037900
1445927
463646
1407072
1118167
156250
1221698
279558
1270993
1264520
127909
257823
299047
1524066
136645
190865
1440611
1523268
1197822
1203051
1302447
1357168
1068347
1240345
309948
1583988
1085872
1268770
144450
117599
1487731
1579637
1142046
382654
1402598
1377686
1116172
106082
1347099
1337922
17647
272993
1100657
1454616
1018999
1104311
1271447
1227819
1396918
1283154
1413885
1289308
1188267
1159823
1360376
1176917
117195
1365429
1535790
1122170
1132264
1583136
1005815
333183
1161447
1500714
14252
1297515
1218988
279798
1543143
165016
297897
1426725
1523638
1041704
1336867
259352
302181
292478
1333579
1236681
1288360
1397794
1040686
1164018
581055
1278036
1378989
17220
1044263
1311805
104391
286173
238048
1555749
1265940
1011973
1449672
1032947
191675
1336473
1202391
153555
1493145
1403871
1042132
1260042
1530265
129318
245980
1532265
1387023
264348
178482
1578444
203360
1254527
1313088
163261
1207397
1292269
232920
1241956
1260535
1549666
1164430
139006
1409423
1175582
1258863
1060689
214256
1150819
321656
1065707
1139925
1469419
1225758
1371490
1473664
1147567
1450107
1526402
1009097
269274
1481397
1561946
1212129
275488
398538
1140451
1220491
1239899
1217687
1226879
205639
1056261
1050583
1005494
1027211
1537895
192533
1250093
1118263
135209
215734
1516219
167190
1264214
1437888
280914
109043
1453398
1378004
1003097
1428573
1434562
1184397
1237576
1178609
1280133
173744
1034235
1048012
1285898
1197614
1182188
100509
328423
1190503
172861
1590782
1080744
1466410
1468341
241468
1473236
1056390
438890
1491741
1436206
1075805
1010976
1388848
1159647
484115
146195
1547756
175839
1357213
1199668
1076206
310097
1145961
1179814
335673
1441610
1376298
1147578
1218055
1143146
1001692
1444812
1371753
1110467
1387441
1155226
1321416
1229301
1176572
214565
1296973
414249
1320679
1214053
1154629
1081354
1473270
1177746
156908
1002760
1442763
1544864
116126
1137139
1263712
1126827
1113871
300211
1515915
172646
1552705
1456891
1268348
1427164
235682
1032528
1560069
1397582
1093624
1193789
1570106
1026166
1341531
1410619
1468698
1356539
1435996
1468286
1511982
1568686
1552206
1544136
117763
1334484
1461386
1428220
120921
1359498
107660
1474574
214938
1292676
298625
1186343
391295
22849
1205879
229548
1428219
1175068
1015656
1506708
1302959
1447272
59609802_1.031275
303746
59609802_1.026071
1427042
59609802_2.026915
355473
59609802_1.027990
1572996
1443576
275349
384841
356600
233913
1413620
1016538
1340636
1375380
1345783
1514664
1110481
1221667
145843
1384932
1335440
1243295
1309583
1003559
1442705
1344760
1366641
1049146
1048148
1002035
1078078
1453334
1148939
124309
1169223
1300741
117281
452791
284842
1019725
1345072
6063
146357
457287
126732
1018544
263918
1137517
1181155
204880
1103927
1504683
1411549
1209772
1075639
1178503
1474157
148547
1503833
1559428
1262732
1214087
1567427
146985
1483704
1536119
1046330
11152
1310737
1252046
1071329
1403996
1348311
1116382
1476925
169979
135351
1536432
1253185
1500967
1100273
1260499
1084427
1313363
1478986
1521316
1076567
1336804
258978
104712
1438079
1428523
1253611
257177
1392590
1468283
1470858
1008759
1253223
166111
183078
1030887
1247110
1370621
302139
106483
1402553
273400
1188539
1389017
1016483
1417935
1386253
1471789
1532822
1421368
1106710
1091605
1299269
1084843
1215975
1388411
1231335
1030547
1224686
1040235
1393345
1158643
1389171
1189995
1053535
1592999
1033935
1411150
1094807
1463568
1045449
1299016
1094762
1117433
1156550
1277125
1404819
59609802_1.027464
1312857
59609802_1.026541
1495285
1592727
196479
59609802_1.027207
1490121
1428651
1291672
1132904
1069162
1491218
1275957
1320630
1337073
1349965
1340231
1173278
35583
1291054
1433437
1527347
1414823
1168757
1045240
361747
1406555
1587556
1155158
29550387#1_1.028723
1388795
29550387#1_1.030731
216123
29550387#1_1.030061
1471184
1414532
1088487
1556374
1063285
1137684
1322727
1086486
1534863
1512521
1249536
1553420
1429916
1069316
1468180
1139131
1219031
1172075
1350774
1512512
1463094
1406953
1429241
216670
1141086
1253547
376151
1035200
1580415
1252284
1143348
1135102
1057345
138560
283785
216808
1253676
1060150
1062366
1176151
302716
1574060
1427436
29405
1107277
1339734
1405596
1111714
1200375
1459907
1459448
1123818
1542275
59609802_1.032165
1426353
59609802_2.027196
1013899
59609802_1.027225
1590416
59609802_1.030080
1411730
51196
274242
1146402
1136040
1451017
1128364
1317077
1320910
157499
1462660
322121
233902
1052045
1278588
1113752
1440202
1468368
1312121
1191889
1253613
1305116
1055802
1006128
1414328
1465672
1261065
1177029
1105414
29550387#1_1.031751
1154288
29550387#1_2.027254
1558870
29550387#1_2.027132
1507558
1309049
1424245
1257108
1194637
1539210
1390314
1365373
177544
1391666
1347877
1098886
1246817
59609802_1.026833
1105099
59609802_2.028129
165204
59609802_1.028269
261062
161107
1462175
124463
1259415
1544478
146430
239164
1484100
1078546
1277251
1190841
191203
1070836
1007291
1094969
1305803
59609802_2.026299
1308553
292214
1574412
1065355
381867
1186842
1391802
1252456
1428089
29550387#1_1.027403
206219
29550387#1_2.027972
149564
29550387#1_2.027525
225090
29550387#1_1.027986
1370550
29550387#1_1.031934
1182985
29550387#1_1.031817
1557172
29550387#1_1.028146
1224760
209951
180532
1359964
1583273
305779
1430856
1389449
12868
1541182
1579393
176054
1244230
177126
1459226
1336913
1025798
1125822
1388913
59609802_2.026682
1592972
59609802_1.028742
117287
59609802_1.029342
146627
1205008
1308521
319568
1182005
1564655
1492327
1454859
1352
1053698
1442321
1194322
1467662
1178246
1011922
1394218
1479124
1511913
109550
1504611
1080665
541286
1004624
1321902
1288599
1054255
1179555
1472192
1344416
45324
1311706
131336
205014
118046
1203178
1555789
280915
1346628
424399
172917
1303588
1523572
1274615
1504994
171521
1107926
1193596
1144059
1256770
1592743
1216027
374005
1403101
1043594
1286317
1269404
1592828
206698
1296262
1021916
1492676
1010097
1235954
1364527
1359035
1176611
1151010
1049886
237041
270465
1242861
29550387#1_1.031472
1054123
1552546
1078361
1089594
1139048
1270992
1222802
1198803
1423945
1177558
1408442
153584
1554036
1488230
1034659
1426080
1012556
1292822
505042
115675
1139598
17159
1273529
1090170
1082471
1349664
1039575
1562593
1442588
59609802_2.027790
226954
59609802_1.028326
1088279
59609802_1.029729
1115753
59609802_1.028614
1276076
59609802_1.028470
126690
59609802_1.032046
1182259
59609802_2.027114
1404990
59609802_1.031127
1583397
59609802_1.029147
1349410
59609802_1.027743
1054543
59609802_2.026736
1274144
59609802_1.028603
1168362
103428
1344955
1446178
1180850
1453295
1234452
29391
422267
1380693
126568
1529959
1221066
198419
1544717
29550387#1_2.026941
1547651
29550387#1_2.027072
1531704
29550387#1_1.028098
1096016
119578
221601
1511189
163762
25263
1536808
1298745
1423530
1430432
1280344
1455142
293917
1401653
150584
1456086
1026622
29550387#1_1.031700
32681
29550387#1_1.028524
1035252
29550387#1_1.029852
1592953
175984
1044732
27983
1582952
129390
1378595
181305
1458431
1047153
1240089
120962
1592160
1445566
1202548
144733
346837
1536140
1174035
1165755
59609802_2.025898
1047725
123015
1129882
27235
1122818
164867
1444770
1173873
218376
1077001
146931
1592774
183476
1017461
1371321
1478950
1352117
1424483
383439
1083945
165149
1211427
1061562
1571004
1374613
1283346
1242501
1493403
1460347
1026378
1213781
211255
131463
1328466
293599
288644
1127746
12517
104657
1061777
1552305
1213773
1139231
1267800
138188
1161184
1306458
1263919
1084573
225459
280976
22209
1128707
1021178
1213002
1282514
151191
1341149
500981
1405580
1263744
1272595
1304209
1493236
1454224
139198
1426179
101150
1151497
59609802_2.026096
1122250
59609802_1.022800
1414402
59609802_2.026328
1573852
59609802_1.026100
400347
1156646
1334149
1576460
1229743
1346288
1156796
388977
1329766
1415262
279376
1477534
1209178
18638
1097567
1534280
173058
1546566
1181278
132664
1368041
136262
240291
1191047
1331102
1180408
1488655
1532366
1479816
142846
1524187
1579479
1143784
1268176
1085683
1359664
1395437
1434938
1521474
1016812
1326869
1454266
1064929
1500549
1111848
1347619
1196270
1077700
17162
1182844
10909
221337
1094107
118751
1051332
157564
1563987
1398049
1182008
1319718
1189223
1502125
1098122
1158800
1081057
1428182
260448
382561
217842
1201999
1226647
1459017
1190616
1049810
1243515
1094606
1510910
1461010
1132436
343978
1438347
1243479
433222
59609802_1.025752
1126440
59609802_2.028121
305130
1413648
1365604
266659
1293235
1359930
205657
1454833
1412853
1032783
1089402
1480183
1157578
1433744
273417
1519977
333552
1300078
1050810
1307860
1090493
29550387#1_1.025837
13081
29550387#1_2.027591
279553
29550387#1_2.025706
108719
29550387#1_2.028044
1313964
29550387#1_2.026586
149361
29550387#1_1.027988
219397
241483
1029923
1018508
375306
1410995
1250535
1575637
274903
1475014
1469470
1047666
1480647
1055587
1271353
59609802_1.024795
1428733
1166258
1276006
1034520
1171138
1214356
1027449
1529944
1498373
1470436
184899
221374
1225165
1178300
1284851
1312072
1554058
111190
100891
1109238
1210039
1370222
202588
1343999
1291710
1187330
1014367
271313
1416665
1399911
278299
1163896
13207
1447656
1047239
104028
1328589
1325903
302840
29550387#1_1.025167
229636
29550387#1_1.024398
1277593
29550387#1_2.027606
160292
163530
1573593
182485
156691
1329154
453517
1405048
296533
1318356
327025
1126048
1086936
1043070
1086991
1461125
1486245
29550387#1_1.029159
1055721
29550387#1_1.021851
1584134
29550387#1_1.026321
14956
12026
529533
1117648
1129678
145531
1114792
265502
1407551
206944
481495
59609802_2.027941
29042
59609802_1.022895
1473670
59609802_1.030094
1117301
59609802_1.026716
14845
1041098
1272240
1443315
1524966
1220168
1046134
150213
1307456
1133783
1247727
1199148
1309237
59609802_1.028850
345508
279962
1183925
1194439
294154
1242109
1210195
340762
1338832
1053938
1436704
259138
1010191
244756
1331912
1029619
1040215
1346580
1005019
1312401
382314
1478742
1414234
172660
1113004
1350423
1001893
233254
1157562
1486413
42204
1510446
1422675
359417
1290052
1041101
1537376
1475277
1384611
1011583
1324824
1340078
1159485
1428943
59609802_1.028437
1513899
59609802_1.032167
125866
59609802_2.025699
106020
119086
1151391
1003671
1380638
1172431
309395
1407163
1402418
1446280
1190177
1099531
1436285
240344
1322847
1108144
1396685
1395194
131075
1218719
1329536
1113374
11701
1179342
1019968
1013596
1334824
383690
522889
1285275
1107188
1324422
1111504
1188417
232916
1028898
1148159
1307997
1222671
1415746
1481021
1275395
1396627
1040991
105837
22505
1341601
25367
1315397
1333157
1242324
372667
1142581
490503
111696
1248127
1213496
1348035
1106474
1278470
206220
1069800
1279079
1253696
1261088
29550387#1_2.028218
1039058
29550387#1_2.026309
1346506
29550387#1_1.027667
1344350
29550387#1_2.026805
1409578
29550387#1_2.028265
1492140
1476370
1115557
389972
1498466
136958
1273668
249857
317248
1479353
1207862
1153297
1058986
1276943
1219606
1042037
1556162
1210460
1454696
345480
1115884
1341616
1436717
137840
1283997
197385
1060772
1016245
1083360
1288080
1143069
223405
1457039
1431089
309897
1442340
1406939
1529682
1251330
59609802_1.032041
1495096
59609802_2.028131
1098233
59609802_1.031002
112717
59609802_1.028175
1353079
59609802_2.027901
1327236
59609802_1.026169
1466998
232789
1349722
1355038
406594
29550387#1_2.027746
440709
29550387#1_1.030186
1000991
1390372
1463011
1147405
1397737
211050
11881
1178542
217401
120140
144841
1210108
1267039
1269818
1449348
387667
1316974
290009
1360419
1109232
166168
1461661
221141
1521611
1302003
236224
1125775
59609802_1.029706
1241763
1081384
1421579
1585881
1125760
1123638
143930
1009306
1312585
1373677
1252817
1106799
1211741
1444452
187454
404527
1517141
1182382
197073
1453391
1142202
1076503
217478
1393980
1110741
59609802_1.026757
1417630
59609802_1.025743
1096081
59609802_1.029058
436050
59609802_1.030313
122940
59609802_1.029581
1349032
59609802_1.028129
1347838
1096777
1196333
1120024
1502364
1232847
1020081
201714
102270
1263400
262456
1183589
1256089
1055641
1027342
1194708
277379
157692
14843
1134610
1303759
1130439
1231392
1374346
1079564
1142560
1481015
260019
1270936
1263106
190556
1451500
126750
1369991
1378613
1223619
1367030
29550387#1_1.030599
1529147
1259593
28566
320088
1408224
1562477
1323331
1261044
1539825
29170
1035701
114504
115190
1367086
1045106
1237925
1233914
1370300
1195226
1038791
1527111
1134582
430338
108789
1452263
250941
1381297
1414953
1467789
1341677
1357951
1241066
1152125
1057019
10241
1316359
389499
1305140
226377
12940
1058568
1178716
59609802_1.022773
1384907
59609802_1.024895
1178715
59609802_2.027001
460897
59609802_1.027306
162826
1511680
1044652
1593293
1249922
1187999
1363997
29550387#1_2.026409
1040907
1480678
1234428
1421715
1461627
1383808
1198580
161563
1565981
1208651
1253250
1460834
1049390
1028991
1402003
146644
1059870
1081339
1585348
1184613
471837
1039956
1053560
231902
105842
59609802_1.026578
1531225
59609802_1.022260
102709
59609802_1.027192
1322674
1249181
124344
1321817
1324898
1294673
161832
29550387#1_1.022372
1251945
29550387#1_2.028084
1389338
29550387#1_1.024371
524216
29550387#1_1.023084
468664
1488973
1186973
1008903
1429182
1521886
1163576
256176
1200605
1212530
160544
1522822
414734
1091737
1561273
268069
246666
29550387#1_1.025321
1257098
1208200
579394
204745
1368835
103203
1537595
1161387
1105320
1156256
1115484
1549614
1276955
59609802_1.031249
277707
1026468
1422315
138342
1177125
1064943
1047740
1366057
1067271
1576899
1372237
1558810
1578155
1574709
109824
1165134
1579395
1182207
1012933
325080
114572
186468
266897
1353959
29944
1077574
1435501
1371749
1285197
203859
1560901
1026522
1571730
246597
1582361
1179172
1256542
1143971
1209670
320670
1189434
1217619
24491335#2_1.032199
1454272
24491335#2_3.027111
146633
1311307
1339166
177416
1224862
150207
1270629
59609802_1.024967
1531389
59609802_1.028185
1544770
59609802_1.030755
1282535
59609802_1.030333
1455319
59609802_1.031245
164411
1422457
1056002
1005952
1396606
1387700
173636
1334265
39112
248902
159082
207300
1262034
1299923
1453870
1178155
266318
187171
1171423
1160025
1269127
1400527
1522046
1136167
121469
59609802_1.027750
1256462
59609802_2.025874
1494362
59609802_1.029260
1039224
59609802_1.026286
1308217
59609802_2.027209
1489542
59609802_2.027234
1464575
59609802_1.028961
217337
1254934
1008443
1422496
172988
29550387#1_1.030188
237605
29550387#1_1.028320
1390345
29550387#1_1.031390
109422
29550387#1_1.029280
1118225
29550387#1_2.027034
1524109
29550387#1_1.029178
1402360
29550387#1_1.026008
194619
260256
1446124
1454062
1494364
1378325
274133
1255612
1474478
1110432
1024270
59609802_2.026766
1214303
59609802_1.030574
1492289
59609802_1.028545
1332197
362158
1578926
1561963
1365694
196714
126207
121266
1430924
1411585
1343459
1318199
1241107
593118
190866
1295619
1475107
137393
1290792
29550387#1_1.027678
1451258
29550387#1_2.027089
1292726
29550387#1_1.031239
1372309
29550387#1_1.026711
210732
29550387#1_1.030092
17267
1434473
1566222
1099888
1140781
126410
361357
1078651
1164350
193029
1369391
327985
1183314
1252075
1565951
1318452
11108
239877
1249407
1321908
1212911
258596
1557719
1070353
1044772
1129327
1346467
1060845
1095297
1085777
1124106
336076
1575497
1575640
1267892
428346
1072779
1065723
118933
1453269
1073234
1177361
1117915
1365369
1541205
115568
196462
1502273
1106243
1300133
1490074
1259985
168584
1367885
1432034
1578578
1585212
59609802_2.026606
1006182
59609802_2.027471
117499
59609802_1.029267
1107837
59609802_2.027396
1361640
1462245
374389
131829
1299749
1322620
1472157
142221
290571
1137921
1180382
133075
1279401
1099777
346047
1417137
1234009
1315287
1499504
1247365
1055276
59609802_1.028493
1198430
59609802_1.029311
1444926
59609802_1.030577
1023750
131124
137297
178533
1075456
668679
1298328
1299440
1066535
1480381
1080990
335732
1206593
1201007
251762
1204421
1253275
1029684
1313179
213911
227142
168581
1135489
1112897
1162492
1545203
1232398
1423034
1510359
1123352
1009849
164140
1314533
29550387#1_1.031873
1074202
29550387#1_1.029640
1023619
29550387#1_1.029721
1569403
29550387#1_2.028112
1389306
29550387#1_1.026027
1165534
29550387#1_2.026998
176685
29550387#1_2.026695
259843
29550387#1_1.027292
1438590
29550387#1_1.027850
1238102
29550387#1_1.031984
1416842
1574693
1111194
59609802_1.029677
1407518
59609802_1.028808
209169
59609802_1.027481
1554617
140083
1141201
1327996
1022713
1257035
1147311
1354841
1334865
245947
1529353
1328897
1102705
1086305
1227699
1310165
1588113
1314492
1541492
59609802_2.026719
1162253
59609802_2.025721
1067595
59609802_1.026570
118378
59609802_2.028327
1593001
1151347
221810
308160
1350037
1338027
1509504
1383219
1424310
144130
1378907
107841
1223274
1427650
1346280
1177943
121046
131406
1133236
173426
1477903
1124874
1141432
257082
1036765
1162776
16599
1430196
1074306
29550387#1_1.029453
1022123
29550387#1_1.026526
1485460
29550387#1_1.029650
1121152
1259829
1348446
1453634
1537887
1351631
1437788
1032572
223820
1348759
125025
239786
1349194
137249
1581792
1269347
1407946
1047324
1150416
1022672
266885
1578209
158825
1389006
414039
51153
1060270
1307215
1115245
143654
1158945
1571212
1165114
107496
172987
1098526
1503120
1048978
1557860
1536281
1286935
1499858
1561356
1353186
1286936
19114
1405226
1066185
1070593
1299072
1167296
424027
127507
29550387#1_2.025798
1105418
29550387#1_1.030999
1086002
29550387#1_1.027393
41238
29550387#1_2.026847
1128379
29550387#1_1.027264
1185937
29550387#1_1.030466
1553222
29550387#1_1.027210
1483554
29550387#1_1.030399
1449791
29550387#1_1.026624
1085772
1388084
116768
1418259
1490789
1106897
1353269
117762
1274328
1379111
1123509
213040
220876
1406166
1113862
24491335#2_1.030139
1115470
1009367
196299
1515988
1174036
1000315
104908
1353331
165879
1300700
1197726
139387
1351002
1479131
2294
1242505
184380
1578465
1294003
1007101
261109
1306273
1301713
1445500
1352249
142456
119425
478998
59609802_1.025456
1235522
59609802_1.027175
1363123
59609802_1.023082
1031736
59609802_1.025700
1498670
59609802_2.026435
1531688
59609802_2.026338
1098059
59609802_1.024941
1219834
1317131
1448676
220015
1549467
1617
1216908
133253
1113817
226281
183538
1256222
1059168
1436093
1021372
1188209
1190839
1220256
1531465
1189263
158155
29550387#1_1.023931
1222571
29550387#1_1.022236
613341
334491
1541397
1578394
1464148
1540015
1045006
220065
1288383
1339545
1020846
1950
1288175
59609802_1.026706
243492
59609802_1.027242
1283519
59609802_1.023084
222801
1170896
1418476
1448019
375091
1025788
1499719
1363657
225635
1009935
1061365
1151023
1219655
29550387#1_1.022435
1522338
29550387#1_1.024938
1292728
29550387#1_1.023380
1507070
29550387#1_2.026237
1241677
1457876
1121738
59609802_1.027968
1469818
59609802_1.022183
309210
59609802_1.022522
1407881
59609802_1.023889
1430425
59609802_1.022722
1450768
59609802_1.026715
1366209
59609802_1.022265
1172851
138715
1204380
1494265
1147472
59609802_1.025641
1511922
483131
1347612
1317453
1077741
1577027
1160032
19659
307242
125590
1394506
1493235
1453872
1309345
1556697
1416399
214794
1049291
1058466
29550387#1_1.025229
401715
29550387#1_1.026546
1163326
29550387#1_1.024178
1112599
1274675
1195907
1439680
176596
1117613
1540294
3453
229766
1423899
37240
1314398
1388920
59609802_1.026111
1235989
335081
123310
1183233
1525715
1249097
169617
1247853
1172181
470757
1210242
1376071
1269887
237096
199182
1094443
526394
1366909
190680
1182732
306790
174153
1276855
1212616
1147043
1475241
1365240
1524906
1128282
268574
121308
1370237
1317894
1458212
1243654
1538487
1093751
1301821
1070972
59609802_2.025866
1374856
59609802_1.024949
110188
59609802_1.029151
1379348
59609802_1.027466
122625
59609802_1.029643
1379950
1326120
1285307
338349
43402
218245
1375479
1476792
1341285
106931
1284925
146455
1256563
1099672
278243
1421012
156077
1162382
1083622
1235976
188066
1568196
1458742
1279391
218649
1416707
1324594
1120298
1524247
196966
116374
1587079
1330854
1475585
1270547
22453
198506
1566696
1116631
1065264
175651
1212999
1356049
1165631
1202697
1321279
1403192
1025063
1125914
1478108
127048
1371947
1117309
1521595
1218812
1389650
1084174
1433182
1464424
1176330
1505696
21700
1173811
1058889
1016716
1288128
233759
10099
1202153
264996
1259308
242337
1376181
1539870
1127360
1545387
1352958
1321015
1215561
164200
1497516
155468
240078
1587101
1365031
1265155
176299
141944
1512721
1079732
1343363
29550387#1_2.026870
1173855
29550387#1_1.029461
172970
29550387#1_1.022807
1464138
29550387#1_1.023738
1010419
362501
100958
29550387#1_1.023764
1183069
1376352
215137
124131
1020583
283793
1101490
1062543
251185
174751
1034803
1489503
1263062
162756
1507347
1084595
12919
1474855
1407909
1136872
1219785
29550387#1_1.021937
422809
29550387#1_1.024690
1322690
407040
244518
59609802_2.026945
1172933
59609802_1.024920
1292356
59609802_2.026995
29094
59609802_1.027490
1363548
59609802_1.025450
103862
1255274
1447342
113750
1349767
430601
131306
1422039
236855
1188020
1283774
1560993
1565921
277118
147284
342487
1483186
1591447
1173669
1501842
1270048
1116787
114359
1562403
1018468
330437
1136664
238111
1454910
1358449
1144789
59609802_1.027536
1006775
59609802_1.023494
200557
59609802_2.027503
1430201
59609802_1.028131
1267290
59609802_1.023346
1207892
59609802_1.025851
1061300
59609802_1.022769
1395464
59609802_1.025372
146692
59609802_1.022967
1429857
59609802_1.026946
1112440
59609802_1.030194
2271
1577752
1495162
1036056
563900
1137499
1488268
1395261
1159394
125139
166505
1346789
1582507
255041
285354
1064944
1574548
1428036
1074847
1205403
24386
1554444
1083056
1364065
1440456
1433216
1428856
1190683
368087
1401929
1092519
1454595
1394378
292690
57868214#1_3.027263
1040561
57868214#1_1.030793
1247532
1579621
1219813
57868214#1_1.032068
1141930
57868214#1_1.030100
148243
1076279
1249193
1115608
1466926
1388623
1414181
112351
1334584
115212
1116583
1375263
1550076
294081
1442149
1216810
1115757
1134362
1379991
1166639
260938
1386782
1829
1118040
1080544
105843
1358501
1368838
1195171
1284017
1338125
1117821
33722
1554167
1179661
119617
1054556
1261709
1342688
1469837
1398179
177362
269839
1470767
1570099
1187930
29550387#1_1.024981
1397888
29550387#1_1.028987
1191706
29550387#1_2.027843
1375634
1540086
1169403
1469114
1270638
1066793
1563920
1232841
1489557
1228302
1344833
190548
1072383
1227367
142237
1065180
1150302
1565673
146141
29550387#1_1.022957
1060956
29550387#1_1.025817
1258059
29550387#1_2.027477
202417
29550387#1_1.022364
1413423
29550387#1_1.029093
137131
29550387#1_1.023999
1435971
29550387#1_1.024697
1354700
29550387#1_1.026971
465607
1105074
1122141
1569187
225711
1079150
1319685
183844
1415406
1273479
198081
126193
1250551
1491739
1335894
119361
1056923
309494
1565089
1028399
169011
186367
1123408
296480
1331728
327892
1073897
1119836
1524409
1198994
1035833
21783
1077235
1562691
1262940
59609802_1.029068
130759
59609802_2.027238
165011
59609802_1.023531
1147865
1409064
620642
1233709
1128706
1315608
1017751
1308645
1528133
1289311
1551733
1332136
180822
1156789
1507367
1001661
1137504
1421
1305764
1206007
1101595
29550387#1_2.027307
1468410
29550387#1_2.027815
23434
120890
1103203
1258411
1568171
1302136
1155350
1254697
270736
1349615
1188974
1131601
1082196
299654
1291871
1052716
156026
524206
1526181
329931
342894
1209456
1041830
59609802_1.025656
1087401
59609802_1.025232
287138
59609802_2.026187
1308466
1169621
1099807
1159260
1387471
1245266
1353149
1320615
1157440
1091713
1132105
1382125
1452406
254384
113622
1561853
120880
1267429
1210373
1015171
1358573
1021926
1206146
1230089
100890
1221533
157688
1230335
254790
1221336
279316
204999
1461158
1484242
33371
1216588
1139455
1414490
1487391
25002
1124627
1016895
1474777
1152058
1109209
1371750
1256317
1483473
1428323
1422880
1489521
1559177
1386703
1165190
19449
258477
1514822
1383422
1354725
1559144
1247958
18137
1189003
1285241
215992
59609802_1.026109
1037327
1177899
208863
1546652
1400351
1044789
1010787
1473658
1287185
1591675
1216919
1412469
1181149
1077061
1359360
1260165
1074248
29550387#1_1.025617
1263820
29550387#1_1.024723
1308744
29550387#1_2.026475
164221
1187307
1215013
295470
1093838
205212
1385036
1258984
1512698
266456
1206722
1426794
1542540
1204565
107626
151551
1484476
1085354
1125490
1512445
1452280
1397783
1055688
1172238
220645
1145740
24491335#2_1.030201
1076638
1432766
1387188
111539
1525740
407361
1474082
209920
1155542
131554
295687
1214874
169825
1279177
1449714
1108016
1226997
1145613
1502696
231022
1056904
1354135
1065290
59609802_1.026009
1394536
59609802_1.030160
1063023
59609802_2.027954
1348155
59609802_1.028724
1427402
59609802_2.027003
1053227
59609802_1.028478
1036796
59609802_2.026081
1495934
59609802_1.028873
278997
59609802_1.031601
1004018
59609802_2.027987
1277356
1123267
1563280
1347968
1256045
1316037
1005517
1505235
1094197
1484112
146031
1429161
1061327
282650
1184395
1277646
242834
1096631
1102658
1265939
319441
270795
1112974
1200046
188695
1180277
1048323
1368181
1374203
1203014
38793
1573575
1560358
1401701
164436
1458261
1560099
133785
1167664
285167
1453591
1542737
1336475
1370401
1333081
1396359
1129442
134025
1163451
1043030
204449
1313087
1062946
1575059
291479
1177958
129946
1360392
1002761
1556353
1083677
1020056
1548853
1093381
1165618
1380652
1195400
59609802_2.028300
1403729
59609802_1.032287
180321
59609802_1.029070
1395531
59609802_1.030038
1404275
1056232
1040981
1466787
1367161
204445
1042118
1420182
170064
1216532
1351193
1274531
1123376
1084580
1547674
1403451
1031798
1122160
1287296
41392
1577895
1514827
1439199
1288333
1022439
1560068
1585778
1334076
1459874
1276533
1487945
1484647
1387877
236182
150608
215662
1390094
189193
278324
1113301
1031779
1045194
199916
1000077
290424
1050413
290104
115153
1098750
152997
1110758
183888
1461314
1443900
336161
1406017
1459738
132168
1400858
1296351
1024191
395427
1159978
347583
1559129
1475662
1378068
1253905
196986
1588968
1048025
1178091
1535410
1327845
1441996
1113669
1556271
1289581
1111797
59609802_1.032044
1399577
59609802_1.029461
1078925
59609802_1.030091
1304190
1420678
1358174
1072661
1534619
1341622
284768
1528999
1140607
1083607
1418920
109622
1340810
1461359
235071
1025258
1572955
59609802_1.030619
163751
59609802_1.029572
1046225
59609802_2.026194
1281252
59609802_1.026222
1409279
59609802_2.027472
1058766
14136
1283650
1454084
1006085
1211058
1025232
1290153
1496372
353033
1247175
127081
1214914
1542989
1502993
270027
1152363
1113101
1330678
1327333
1411033
29550387#1_1.028642
1277743
29550387#1_2.027473
1551186
29550387#1_1.031649
1139293
29550387#1_1.027205
1313504
29550387#1_2.026358
1081287
29550387#1_1.026313
1178216
29550387#1_1.028064
1055563
1511173
1291214
1434331
1492420
1002852
1016434
1142522
208506
297575
357022
1120509
20169
1584774
186630
1158007
1040368
1591978
1080925
1399469
1114891
1169501
1519413
1130896
1321648
1214223
340540
155569
1268725
477324
1203702
1042411
1393861
1459837
1541679
1033117
1283368
1412397
333480
153910
1075284
1293189
1350824
451938
1318648
1205162
1133362
1544170
277380
191484
1350430
1091512
1372880
1136104
19230
1321431
1186121
1247039
1501793
1203857
1097752
221049
1544963
1101820
1077404
1014883
1218905
1475271
1525227
1019349
228285
1558924
1074530
212548
1250760
285145
117429
1159639
125689
52648
1109688
1367565
1082611
1506309
375349
1157844
1202224
1167357
1482692
1592900
1282942
1064227
24491335#2_1.023236
1414493
295385
1499883
1284975
188051
1138940
1581579
1273955
1425305
1061480
1068423
132944
1124613
1340454
1551797
1480587
281192
1462661
1271589
1172656
1175175
1212863
1167552
120694
1463081
274674
1254548
1393356
1120064
1292488
1023086
1355230
223309
1474814
1466079
1285250
1410468
1120764
1067652
1008352
1425159
1057285
1518435
1161570
100551
1535880
226478
1168759
155700
1200997
1250220
1279498
1118262
2971
320047
1543939
275011
1300758
1182480
1055740
1370400
1554207
1336601
1122297
1019442
1476784
1166441
1116026
1503326
1209492
132965
1282382
57868214#1_3.028080
1275136
57868214#1_2.027274
1362055
57868214#1_2.026902
1317058
57868214#1_1.031477
1496133
57868214#1_2.026968
164024
57868214#1_1.027553
1272994
57868214#1_1.028531
438927
57868214#1_1.026988
1351207
57868214#1_1.026889
107999
57868214#1_1.030427
241060
57868214#1_1.029028
1381684
57868214#1_2.027154
1419665
1537518
1101523
1217207
191284
1480031
1580305
1435852
1584141
313652
1019845
24491335#2_1.032255
1163174
24491335#2_1.026129
1118458
24491335#2_3.027841
364565
24491335#2_1.027757
1079693
24491335#2_1.031388
1495745
24491335#2_2.028177
1589770
1109686
1321143
1469620
208308
1252725
1100302
125381
216245
1579253
1171569
1245081
465309
1378592
283171
1367668
145817
1302302
1505905
1240214
1105605
110523
1497419
1498168
1087058
215176
29550387#1_1.022345
1242603
29550387#1_1.025812
1344778
29550387#1_2.027625
1388334
29550387#1_2.026882
1306491
29550387#1_1.024726
1093571
29550387#1_1.026217
1464705
29550387#1_1.022299
1185072
29550387#1_1.023164
1134430
1494115
335922
1483915
1076408
1322778
1296911
1517230
1122229
1031817
1154526
1352806
136584
1488797
1402268
1046884
1420859
1261875
1467765
59609802_2.025797
1454305
59609802_1.025507
1442951
1488090
1435122
59609802_1.029562
1204999
59609802_1.028822
188089
59609802_1.022984
1342225
59609802_1.025769
1191346
59609802_1.023216
1072419
104811
1463889
1578283
1470749
1402198
1154101
1030398
1474025
1583017
193155
151035
1378986
1000869
170337
223628
1555502
1437280
1059314
1068621
1568491
1417984
178751
1548709
1307685
1137645
1514389
1519352
1019240
1278416
1174714
1265473
208250
29550387#1_1.022347
1115784
1194779
1141050
1569695
119126
368103
1499968
1108001
123958
349980
1313516
1134818
294436
1246733
1252798
226985
262362
253111
1303873
163259
1404476
1050702
1082721
133424
154641
1093818
1138288
1543216
117181
1383315
1554826
1368506
1139935
1546272
107642
202640
1268799
1060297
1234421
1378197
1109261
1226802
1319137
1044017
1156546
59609802_1.030611
120957
59609802_1.022901
229199
59609802_1.023293
1267431
59609802_1.023711
1058390
59609802_1.023296
158855
59609802_1.025633
1372085
59609802_1.027618
1280483
59609802_1.029282
1522265
59609802_1.027670
407562
59609802_2.028247
1122658
1253744
1253264
1296686
318027
294848
1003397
1007876
1182096
1092096
1353951
1297864
142995
57868214#1_1.028061
1437463
57868214#1_1.022629
111710
57868214#1_3.026973
1145508
310517
1486838
1392797
1189949
193071
1351713
1158621
1349436
1140466
297180
1330860
1163102
1306543
1370330
1282408
1274601
309385
159662
1583515
400080
1485585
519152
1294300
134686
1254342
1540445
1113689
1574879
1238624
1046595
1042006
59609802_1.025435
1122962
59609802_1.026965
1433657
59609802_1.027193
1163963
59609802_2.026919
1523172
59609802_2.027374
101816
59609802_1.028411
27475
59609802_1.028587
143456
59609802_1.030211
1435535
59609802_1.028872
1112664
59609802_1.031691
116258
59609802_1.027847
1122666
59609802_1.027684
1022119
1106974
1115490
1410380
231279
1212092
285772
1128534
1535247
1009286
1532687
1115440
1088625
29550387#1_1.025119
1145285
29550387#1_1.031949
1334230
29550387#1_1.028767
104225
29550387#1_1.026564
1422673
1511092
1452703
1257723
1253111
1127882
1446598
441768
1577734
1290321
1535662
1536783
1092181
1273054
228209
1022100
1218165
1239201
1063832
1302826
1446010
1272720
1586237
14033
1426003
1513459
1502855
1028572
1201443
1324417
1464377
278881
381338
1523157
1371732
416035
1278051
318077
1057318
422688
1163323
1040685
1081585
1151563
367279
1176038
265998
1489339
1118774
1050255
1356304
1054792
1323392
1265820
1008979
1214762
1090688
1390921
1491725
1254980
1062740
1187047
1108804
29550387#1_1.030404
1417807
29550387#1_1.025860
1545781
29550387#1_2.028130
1179938
29550387#1_1.031028
1339499
29550387#1_2.026108
1528607
1150996
1492147
295372
1031674
1101822
1395074
1465965
1357678
1203408
1580128
24491335#2_2.027090
1519902
24491335#2_1.027721
1560150
1270216
352944
1322046
1379710
261103
1120339
1504176
1103859
1583518
1038101
237572
1524907
149422
1457198
1411613
216859
1315254
241063
1334957
1202121
1444370
1533731
1156280
1369456
1069088
193259
1423907
1249677
137390
373582
1075592
21454
1055480
1513229
138682
1589608
1482429
1070546
1192758
1334724
1101652
123780
1018564
1098682
119975
1043056
1358653
1116347
1389254
1306304
1480129
1083046
1211291
1003050
1411189
101041
189054
29550387#1_1.021783
1109663
1548401
331023
1390504
1560483
1532459
1413719
1558575
1042727
1203173
1245524
1161807
1187912
1393308
1494865
1583781
1556658
194277
1209119
29550387#1_1.027993
1205902
1250740
1163621
1048764
1077022
1366706
1016650
1323010
1076942
1280151
143025
24491335#2_1.024348
1338508
24491335#2_3.026946
260918
24491335#2_1.025971
153380
1164451
1287594
1485476
236380
1112802
1060013
24491335#2_2.028024
388173
151598
371034
1384608
1219321
1256187
1505159
1163365
1201330
1373528
1105727
1163094
288102
1399139
1391086
1098341
132189
251727
1282995
1338872
1191700
1022841
1496320
1053647
1267822
1034789
1317076
1357554
143265
1275706
1038209
355539
1202755
1152269
1396917
1238585
1510644
1377850
1522415
1325781
1103712
1069016
1031631
1146544
1577675
1125534
1151906
1248965
1573167
333016
1054101
1200708
151790
1162680
136079
1118234
1484336
1429768
1326245
1147494
1471788
1583213
59609802_1.030159
1493106
59609802_1.026228
1090916
59609802_2.025796
1419876
59609802_1.027805
1444223
59609802_1.028206
221345
1447452
1482276
1084193
259675
1092724
1534169
133076
145378
1454274
2379
1063487
243525
1530520
1060197
1503288
1461127
1521196
157537
1056810
1571228
1517623
1138868
1323018
1289139
1548050
279026
1178608
1165460
302715
1008589
1415865
1038787
1445460
108815
1089327
157089
134641
1263152
1026463
178634
1377284
102053
1049907
1026772
272497
201824
1018562
1564723
382362
1166386
123037
298308
135600
1000670
1524688
1519692
59609802_2.028027
1085759
59609802_2.026511
1391102
1529192
1258155
1140805
1209722
1236895
224767
1503170
1246638
1053780
1442089
1169229
147038
1521631
1401229
187493
1380616
1168516
1457291
29550387#1_1.025866
144368
29550387#1_2.027594
1089980
29550387#1_2.026026
1010852
29550387#1_1.028598
1555996
29550387#1_2.026339
1113603
29550387#1_2.025872
1253502
29550387#1_1.028204
1294062
29550387#1_1.031925
1415337
361360
1528832
1484713
1413111
1532321
1464587
106275
17385
1435580
1424929
249466
1107377
1482446
1422287
1197407
217107
335671
1066404
1167891
1487792
1106725
1085408
1520115
236014
295739
1241490
1388175
23896
1235780
1403624
1407320
1479889
1396296
1368229
1070237
1117991
1568759
1136773
1101684
1393958
1121702
1073858
165405
1013522
59609802_2.027879
20349
59609802_1.026150
1587394
59609802_1.027880
1054364
59609802_1.029854
158685
59609802_1.026998
1214018
59609802_1.028254
1269845
59609802_1.028365
1241796
59609802_2.028135
1292349
59609802_1.025729
1224815
59609802_1.028806
1216675
59609802_2.026550
1337650
59609802_1.025903
350214
59609802_1.030393
167068
1283082
163811
1080276
1292223
1366216
1247045
1534673
1304167
1490927
1526736
1062035
1080430
1281022
1471339
1027190
1454287
1254580
1448983
1274350
1204621
347085
1148219
1148310
1416358
1065524
198336
1326480
1125689
1232739
1052999
59609802_1.027415
1365681
59609802_1.030293
338898
59609802_1.029601
1087775
59609802_1.025953
1478458
59609802_1.028544
1153838
59609802_2.028218
1223934
1176083
1470598
1103881
1524543
121377
1235329
1186804
372029
207824
120189
29550387#1_1.026537
1304395
29550387#1_1.031807
175244
192259
1315393
212970
140490
1475716
1011835
1239041
1358149
1406349
254961
1223788
1054496
172522
1158439
1045569
1444879
1152012
1255805
442650
1588335
1079470
1150232
1132719
1454794
1245286
1188138
1284609
1144350
1385311
1003440
1465271
362856
249023
1518006
1304610
1333770
1372832
111858
521657
1240178
236713
1033474
1244093
1108506
416519
1194222
59609802_1.027340
387096
59609802_1.030431
1151288
59609802_1.028249
1304065
59609802_2.028048
19614
59609802_2.028029
1378467
59609802_2.028228
1350429
59609802_2.025944
1280828
59609802_1.032031
1581370
59609802_1.029850
1173001
59609802_2.028103
445918
1049349
1123802
1413407
1441310
1125919
252235
1384743
1139399
463645
1572340
473825
206194
1296986
145844
40326
1191575
1042895
1432601
1018368
1031171
29550387#1_1.027947
1081591
1387621
1072459
1255872
1564889
121138
1425267
1326773
18050
286534
3763
1327885
240214
159631
131970
1097654
1080416
1031739
1315341
1216296
1153926
1115142
1227484
157946
1403416
1143954
57868214#1_2.026042
109632
232933
1040327
1536901
223699
1290531
1551265
1203808
1333578
1103761
102976
1323332
1286310
1181623
1545415
1505055
1529838
1591577
116601
1182442
127713
1485182
1520988
1115543
1592272
1524933
280543
1429636
190961
1071165
1515570
1059117
20745
1006648
1239341
1454922
1108244
1340038
1410449
1295536
1177061
1462884
304775
1356146
1515562
1463095
15078
1046793
1307864
1359740
1181679
1377870
148071
149565
1265562
1487520
1015060
1165213
1463181
259508
403732
1031041
29550387#1_1.026638
33731
29550387#1_1.032331
1273869
29550387#1_2.027019
1026942
29550387#1_1.025355
1156773
29550387#1_2.028047
1362021
29550387#1_1.031910
1266193
29550387#1_1.025011
1128032
29550387#1_1.029076
115619
29550387#1_1.026535
1502002
29550387#1_1.026751
266755
29550387#1_1.027488
1325295
29550387#1_1.025673
346573
29550387#1_1.029788
1270249
29550387#1_2.027743
1567436
29550387#1_1.025418
1246879
1309740
1389467
1491795
1103896
1268605
1339698
158220
1150556
1396321
1433788
1538281
1224402
1227098
187455
1203460
1211933
1357062
1443490
259686
1515617
1277674
1149563
132576
1089902
1314395
1172106
1159963
1326168
1338616
1220621
106856
29550387#1_1.026130
259975
29550387#1_1.026857
1553710
29550387#1_2.026862
1560497
29550387#1_1.025677
1374076
441096
1405406
29550387#1_1.027612
112821
1466774
1528477
1086669
344237
134062
1388002
1574265
1163712
59609802_1.026663
289740
59609802_1.024040
1394800
59609802_1.027687
111343
1388937
1361329
1133326
1161995
1363002
1285293
59609802_1.025418
302427
1196645
1103589
1365758
1080591
1196814
187398
1593397
1305191
227330
385848
1513888
1558911
1090206
1265622
1372371
1404604
1441568
122698
182118
1541075
1154123
1469469
1576572
1189476
1427945
1069428
1007354
1244681
59609802_1.021613
1507494
59609802_2.027547
1013933
59609802_1.024125
386562
1000252
1195498
1208886
124601
102159
249197
1387718
1171667
1505997
1139243
1233478
30242
1431106
1427094
1422808
1479639
1351304
1438056
59609802_2.026342
1066641
59609802_1.027205
1040203
59609802_2.026760
1019051
59609802_1.028770
473666
59609802_1.028554
1003161
59609802_1.023072
1058469
59609802_1.029878
10394
145902
1247977
1269398
530177
29550387#1_1.030318
1436940
29550387#1_1.024737
268859
1043815
1306013
170521
1585102
155921
138568
1113846
1396393
407874
1011804
1353643
132071
1197016
1139623
1048932
1106466
1569553
195913
1505684
1338446
1171492
1528508
1233536
1208799
1568890
1079467
1095602
1354441
1509880
1575019
254874
1210454
13580
1553166
109776
1083055
1362522
1121489
1478267
1426342
1384146
1057862
1503679
352664
29550387#1_2.027147
1143503
29550387#1_1.027394
1339464
29550387#1_1.027284
195994
29550387#1_1.026571
1284000
29550387#1_1.022156
154756
1083681
1315220
1354577
1033292
165504
1250298
1123927
1077740
1476740
1551121
1563776
1418487
1190059
1373981
1008619
138187
1162313
1200882
266682
263041
1064562
1100928
1087746
180581
123451
1373506
1387081
1018355
1347813
1360325
1569283
1003865
59609802_1.025941
1364646
59609802_1.022632
1348561
59609802_2.026575
1019623
59609802_2.025885
1282279
59609802_1.025181
1143151
59609802_1.022670
28760
59609802_1.026179
509635
59609802_1.024860
170764
59609802_1.026283
1408639
1118182
1361073
1177794
1092270
1214323
596146
1006190
1080663
1008584
1148436
59609802_1.029473
1171094
59609802_1.027254
1139055
59609802_1.022875
1419867
59609802_1.025295
1122745
59609802_1.027742
1210453
183430
1062709
59609802_1.029300
1364945
59609802_1.027509
1477714
1410307
1294153
1199885
1028156
1028436
1061972
29550387#1_1.022837
33337
29550387#1_2.027699
1551538
1539351
201443
238124
42953
1336798
167654
1495025
1566746
1470031
1321361
294653
1148003
175708
1500474
1000357
1441756
1356680
143911
205944
1566455
1367528
1460383
269857
1225417
1359272
1104454
1514089
265913
323767
1450123
1372495
1203103
1182077
1250584
1356007
1430784
1176299
135350
1305083
298479
1097872
1216799
206914
1087846
195727
307836
361960
1364760
1079531
1004825
1329236
1091094
1578737
1298655
132930
1220867
1089217
1522689
1358780
57868214#1_1.029073
1374472
57868214#1_1.030631
1094826
57868214#1_1.027238
1091896
57868214#1_1.031418
1238265
241507
1261033
1348167
1055652
1137336
39784
286890
1531530
59609802_1.026517
1510848
59609802_1.027662
1254610
59609802_2.027540
1428370
59609802_1.031366
1205956
59609802_1.031162
247847
59609802_1.024517
353070
59609802_1.024507
1003729
59609802_1.029211
1451692
1554380
1174482
1315597
1166779
1380087
113932
114106
1093368
1326148
1092669
164402
1323657
1011307
1441399
460149
1227992
1010496
1379163
357645
1253254
1479106
1216238
1412631
1350258
1293047
1035972
1555906
1394600
1562476
1492543
140775
210503
180070
1390990
1298437
1346403
1035083
1047103
191308
1491806
1089568
1011384
29550387#1_1.031109
1457511
29550387#1_1.025523
134967
29550387#1_1.031549
165589
29550387#1_1.025889
1019353
29550387#1_1.031780
1441126
29550387#1_1.029191
1474292
29550387#1_2.027729
1277431
1085308
1366221
1011210
1127627
1170350
1335446
1192535
1153489
1324311
522321
59609802_1.030575
1017828
59609802_2.028104
1562169
59609802_1.027973
1488867
59609802_1.029944
174096
59609802_1.024700
1498439
59609802_2.027971
1350094
366023
1217937
1132112
1315113
59609802_1.027351
1565626
59609802_1.027378
1198076
194280
150593
1008861
1198043
1373818
1408770
1321737
1287865
1188416
1038245
1229531
218268
1542030
117623
1075498
119380
1452015
1475605
104390
1102508
1099530
1322316
1014121
1214406
1200395
1253540
1038825
57868214#1_1.024305
132183
57868214#1_1.026618
176854
57868214#1_1.026515
1263958
57868214#1_1.023726
147715
57868214#1_1.022765
167202
57868214#1_1.025397
1112285
57868214#1_1.025611
1085813
57868214#1_1.021697
1048359
57868214#1_1.027676
1355359
1175285
1152733
1084759
1064626
1162793
1217042
1471784
1367387
116309
1242953
1149954
1094549
1018567
251902
1078486
1207308
1226428
120934
231866
1498047
1193089
1480092
1339322
336075
126322
294238
116852
1248444
1339594
307192
120065
1161940
1445622
1346227
107478
59609802_1.031266
1458065
22922
1427165
1521525
1454149
1230151
126622
1201307
1228127
1503968
1517197
123150
1189757
1389121
1352791
1476768
1408284
1127101
203192
223201
1409322
1334978
1150366
1204137
1090573
1377585
1398448
1395379
1180293
1014566
1150953
153792
1208845
24806
1229959
1045790
430585
1577527
1585958
1574755
1403502
191540
173177
1481401
1242088
1549661
1020931
1255212
1447628
1521324
1448069
1254709
1290894
220878
1380574
1099349
1183043
1508155
134386
426065
1056608
1103752
137339
1046692
1142018
1501186
1535054
1160800
600668
1592484
254223
1429330
1396914
1322128
1287519
244356
1003748
1505160
1527169
11141
1561011
111613
1306870
1234904
195182
1452345
1107807
1200683
1506334
123112
1378894
1099359
1442081
1461723
1069836
1495682
1010073
1161078
1160932
1434120
1222508
1045867
1159169
292774
385213
1104702
251169
1134061
1089612
1052839
1512707
1236281
1387984
1116176
194853
1155061
1589213
59609802_2.026021
189544
1185507
1128277
59609802_1.031767
1174709
59609802_2.025835
1251500
59609802_1.028142
1111924
59609802_1.030733
1214326
59609802_2.026909
1050319
59609802_2.028260
1232597
59609802_2.026648
1268873
1246688
1421583
1042579
1576408
1298419
114332
1174547
1149817
1215303
1319807
224178
556004
59609802_1.025491
1235603
59609802_1.026991
1465289
59609802_2.025909
1134779
345033
1287173
1506394
1007374
1098641
1211517
1110851
1039745
175983
162163
1375213
1138036
1117099
1281244
59609802_2.027588
1224143
210147
1499429
1518750
3215
101833
1177325
1195302
366663
1398727
1101344
1085135
1005754
1171556
1390259
1009401
1559424
235681
1470722
1063461
1301679
1399580
1535369
1116413
153946
1313263
1378502
216554
1370825
1097907
1063568
1022253
338663
1236953
1460938
1305269
1544832
1008523
1139414
1219748
196665
179695
1586519
59609802_1.025690
1005570
348673
169529
284554
316406
1225287
1238641
1097132
1051683
1395389
1187120
768193
1415893
1254219
112755
343011
1519594
1289465
1161426
1419342
1586186
1087897
255251
281133
1523833
1496623
1464665
1041071
355866
1045574
152117
1036571
1199732
1081842
1358076
1296381
209007
1251460
1355836
318156
29550387#1_2.025926
144029
29550387#1_2.025880
1485538
29550387#1_1.028539
1563402
1108761
295357
1287783
1209254
337457
1379834
1047434
1307312
1382318
1348566
1567611
123289
1299724
1425888
1312734
1512668
1381609
1380965
1016216
1449312
1438774
1007197
213304
248245
29550387#1_1.024731
185626
29550387#1_1.027120
1387880
29550387#1_1.024636
1332539
29550387#1_1.023087
129468
29550387#1_1.029337
1417438
29550387#1_1.025159
335296
29550387#1_1.024623
1152900
260133
1064423
1464759
1357224
1202759
1016622
238827
280366
265677
1355084
1177802
349314
1567850
1039384
1022090
138811
132080
269702
1380368
1309823
317543
121390
1334653
1475429
1037309
1192293
1125183
1062171
59609802_1.027033
1272399
59609802_1.026617
1119106
59609802_1.022884
1069160
59609802_1.023168
197201
59609802_1.022649
1256145
59609802_1.021933
1535847
59609802_1.021765
1099691
1005759
1277641
1557562
1039450
19196
1221245
297311
1519782
234260
1346028
195991
1115483
1054214
1121793
102317
1496566
1003674
1233958
210211
1393129
1408180
1283773
1110580
1098172
1435096
286210
1165180
1049165
132858
266753
1342304
1090610
20291
1281350
1293146
1217390
334548
1557098
1487870
1151496
1046313
1415904
1144560
1124902
172714
143230
1015984
1423602
29550387#1_1.029641
258247
29550387#1_1.025632
1501383
29550387#1_1.026038
1156627
29550387#1_1.023411
1392084
29550387#1_1.026902
1430507
29550387#1_1.024695
1537412
1296877
1222828
211481
1515426
1051951
1395492
264135
1444615
1525573
225035
1223181
1398871
1180034
1029705
1296748
1162236
1136478
1145845
1561784
208898
1375748
1191010
1405882
1456413
146420
1520384
1260802
1424985
1495008
122418
1500387
180804
59609802_2.026257
1081396
1272820
1258452
191846
376985
1123618
1489774
25670
1335898
134557
1260368
59609802_1.024808
1510012
59609802_1.023710
348919
1162376
1545338
1580977
1058376
1579277
1066671
426148
1525350
1264294
1239939
1038084
127949
1052085
286105
1445475
1210498
464636
1249879
1127189
1174209
168457
271509
1530064
1047905
1485252
1513216
1363391
1416629
1337201
109311
1403918
24491335#2_1.026535
1043000
24491335#2_1.028430
1128811
1354079
1206288
149646
1029725
24491335#2_3.025823
532927
24491335#2_3.026249
1231419
24491335#2_1.028862
362689
24491335#2_2.027949
1361292
1143962
178663
368496
1560582
1526597
1255096
131750
1220793
1412701
1294998
1367332
1538167
1106039
1553143
14585
1296290
38623
1039777
241756
1585337
1538367
228071
1310599
1575239
1321239
1574277
1090939
1038484
1483328
126446
129097
1286337
1054358
126070
1116737
1326705
1311015
1577524
1154967
1302543
119769
59609802_2.027336
1062277
59609802_1.027713
1223987
1568231
1277335
1508217
1003334
1119424
1457942
1128368
581162
179962
1340772
1263100
250940
1099630
134194
1036813
528128
1074370
1392351
382304
1099909
57868214#1_1.025064
1074534
1517605
1406952
1045702
1135631
24491335#2_1.026841
1484468
24491335#2_1.024036
124654
24491335#2_1.028358
401932
24491335#2_2.027155
1256085
24491335#2_1.028121
1476052
1234060
1341447
1582939
392860
1096808
385150
1333940
1435306
1288690
1309135
370733
1157025
1314946
1054177
317498
1172624
59609802_1.025080
157205
59609802_1.025750
1464545
59609802_1.024931
1427474
1105065
1178687
1033316
101642
157872
1515785
1230036
1113064
165818
1539035
1591681
146978
187157
151206
1569294
121351
1262538
1014950
143464
1403796
1453790
1296174
296202
204943
59609802_1.030179
1132409
59609802_1.025782
1276160
1446273
1253958
416231
729913
1066562
1061467
1248735
246436
268798
1093260
1264599
1426007
1218490
1132519
266120
1359877
11919
1292532
1093198
274999
1110776
1447034
1366645
189023
1287300
145582
1008572
1428225
1584534
57868214#1_1.029823
1173613
57868214#1_2.027783
1291400
57868214#1_1.031102
1292308
57868214#1_1.026949
1318087
57868214#1_1.027301
1577580
57868214#1_1.030340
157944
57868214#1_1.029904
1178660
1170790
1480939
1214953
59609802_1.024933
1201819
59609802_1.029484
1388772
59609802_1.022101
264692
1550186
1389867
1332764
1089464
25848
1493731
1353501
1393098
1342731
1553680
1320373
1050260
107527
1057956
1404298
1280380
1060306
1542647
1462560
170021
130788
1502497
1047971
1134322
199416
249441
1215577
213721
1020176
150144
633850
1435412
1239402
1539820
176294
1582994
186241
1343927
1009314
19231
1205457
162079
21932
1019000
29550387#1_2.027261
1457377
29550387#1_1.024542
1403285
29550387#1_1.028371
1497820
1047362
1138477
1083150
287033
1247298
250639
1224754
1081843
1278011
1182445
238784
1538722
1443425
1499055
364078
1462286
1006122
1576549
1154917
1480387
1363724
1340040
1524568
1377702
1348471
1573705
1051879
1510909
1023483
1534904
1496803
1181340
1520310
1164650
1053073
316276
1445626
1588418
1356931
1124969
1249865
1361145
1412612
1223086
59609802_1.022084
1121892
1220199
1587817
1248142
1294283
1128136
1304646
190900
1179090
398825
1067836
1198434
183229
1430312
1519702
1376855
1357055
59609802_1.024394
1288790
59609802_1.028459
1257179
59609802_2.027750
1083566
59609802_1.024560
1462814
1347618
1127300
59609802_1.027984
100715
59609802_1.024654
1278508
59609802_1.025171
1153945
59609802_1.025788
176604
59609802_1.025478
1096454
59609802_1.028256
1044884
59609802_1.022760
19551
59609802_1.026569
1015749
59609802_1.021835
1028878
1394756
1340484
1041421
313362
1419379
354906
59609802_1.027839
1489904
59609802_1.023265
1297668
1086224
338381
1541557
1017082
1453825
1356212
1134698
1191690
1424082
1124039
29550387#1_1.029815
1241567
29550387#1_1.028135
16456
29550387#1_1.026195
1263138
29550387#1_1.029845
1286805
29550387#1_1.024547
106750
29550387#1_1.022380
1402012
29550387#1_1.027043
1565058
29550387#1_1.029325
1448718
29550387#1_1.029565
369229
29550387#1_1.029157
1488363
29550387#1_1.028630
367829
29550387#1_1.027620
1497599
29550387#1_2.026307
1476020
29550387#1_2.027557
1017873
29550387#1_2.026753
1552992
1108719
1307015
156335
1168575
1145312
1238437
1128066
1133364
1427335
146122
1002450
1066528
1186269
1203477
1564220
330108
1175283
1534140
1052464
31766
117316
1080870
1339339
1402369
1436754
126592
1177452
1073945
306845
1329678
1274967
1403499
135345
155246
310206
1277272
1023357
1425143
1324834
1182415
1253569
1518235
1173244
1230897
1532555
1226961
138513
228870
165473
1181252
1230140
1588651
215357
1260586
1328139
104651
1225317
1246212
1467830
171900
1062909
1293208
1278971
144665
1171775
1536952
1126561
215678
1158940
1446171
1375413
1508896
1182657
301527
1146563
1202365
251209
1166802
405876
1567863
1160684
1363314
20274
1072740
1539555
242377
1530795
123692
1553045
121887
1192037
1479008
1325131
482466
1094373
27968
251179
1025039
1107167
1043855
191744
1268430
103267
1284181
1441280
1422265
1542781
14394
1064823
29550387#1_2.026634
1260186
29550387#1_1.026286
1524802
29550387#1_2.026162
1139270
29550387#1_1.030686
391781
29550387#1_2.027562
1101548
29550387#1_1.028278
142126
29550387#1_2.025787
1479207
29550387#1_1.027181
130633
29550387#1_1.031419
1088972
29550387#1_1.024418
1174602
1134513
108891
291882
338342
1320465
1138853
358017
1421384
1257298
29172
1173736
1583342
104152
1115306
177869
102216
1391847
1452904
228521
1016188
300115
358095
1267342
1515828
1156074
1087749
29550387#1_2.027361
1304760
29550387#1_1.031567
133504
29550387#1_1.028790
1583543
29550387#1_1.028514
303520
29550387#1_1.026951
1457644
29550387#1_1.028490
1482742
29550387#1_1.025351
1018392
1105875
1099309
236374
1382444
1285486
1038417
1142467
506683
329451
1231393
1417286
127979
1505513
233965
1265998
1120850
1447401
1124743
1271793
1442181
1399022
1093060
1073885
118911
1287079
1448335
1561880
188171
59609802_1.029806
249580
59609802_1.028820
1199072
59609802_2.026695
1466582
59609802_2.027136
1473142
59609802_2.027797
1456089
59609802_2.025734
1548057
59609802_1.027136
1165121
59609802_2.025668
365938
59609802_2.025860
1269488
59609802_1.031811
1226510
1412498
1292550
1118166
1540701
1269044
1445993
1498508
1562007
1269346
1158947
1479835
102955
1473094
1018890
15096
1359135
1463567
286664
306906
1527990
1345247
414346
1276537
316405
1455896
1526429
235589
1532295
1591650
1067366
1546240
1128984
1220490
233341
1574692
1157700
704074
1031581
1211146
1533809
111320
1144312
1308266
1304549
337629
1226951
1361348
1438102
303166
163303
1155015
1214439
103053
1458808
254649
1183227
139531
1057695
1205546
1103816
1209771
1338064
38130
1567514
266393
24491335#2_1.026578
1042628
24491335#2_1.026781
1172713
24491335#2_3.027298
1264617
24491335#2_3.027151
117975
1343109
154235
1097868
1551612
1218697
1190248
132109
1126633
1080982
1446683
1577197
1047114
57868214#1_2.026706
301388
57868214#1_3.027302
1473702
1283252
1504682
1478261
1339960
168460
1175934
146152
1225787
114968
1191666
182170
1240082
1198263
1410409
1371398
1051952
163120
1382883
1196370
167842
1516177
118272
1167665
258099
534940
1356825
1564506
1276794
1144907
1012207
311237
1003965
115626
1183248
1014544
1567784
1141202
1254588
1077482
1520406
31344
443872
1351928
1385654
1584937
1334991
1057463
1585656
189265
1160528
138005
1545339
1419686
1127245
1373519
1128491
1090382
1168295
1501563
1403403
1551919
1031481
1494354
454745
1392541
130302
1033888
1434330
1025328
314645
1114015
1425043
27191
29550387#1_1.030173
1286071
29550387#1_1.025451
1499554
29550387#1_1.027268
1017717
29550387#1_1.031261
1093967
29550387#1_1.030181
1021573
29550387#1_1.028562
1469335
29550387#1_2.026104
283441
29550387#1_1.027643
1265056
29550387#1_1.027894
1242
1337695
265081
29550387#1_2.026977
1344583
29550387#1_2.025961
1482343
29550387#1_1.026214
1134687
29550387#1_2.025772
1186920
1441035
1104844
136824
102357
1283350
1528558
101508
1528585
1490446
1262851
1297184
1228168
1217765
1139049
1012264
22466
1527565
1333999
1545776
1371887
247894
1220600
1511302
1457967
442008
1179242
1091040
136757
1548081
1456598
278199
1151622
1404224
217099
1018998
261327
1428218
1034839
59609802_2.026962
1128736
59609802_1.028870
1277724
59609802_1.026509
338806
59609802_1.030287
1231556
59609802_1.030243
1065536
59609802_2.026335
1399383
59609802_1.027065
1131881
59609802_1.026828
1545359
59609802_1.031565
1073698
59609802_1.026034
1570635
59609802_1.029689
1387795
59609802_2.027009
1071983
59609802_1.027782
1012505
59609802_1.030603
1073354
59609802_2.025712
1111446
59609802_1.026742
1196284
178186
57868214#1_1.025479
1206863
57868214#1_1.028122
347060
1497573
1309171
173397
1399935
1533684
1231208
1115464
1201491
1461912
1133457
1154292
1030769
1386228
15754
1214900
289406
10971
1540765
402452
149152
1111495
1239416
1201417
1463993
1265900
1527582
1237861
1348458
1326473
192227
1438556
1162770
1286938
1483764
235852
1217686
1357051
228520
176571
1302805
1465506
355296
28429
1138530
240057
1100791
132305
1071158
10509
1218122
223321
1006932
1115461
1260358
1118499
1323104
1563804
1045199
1274872
1250748
1548752
1150352
129410
1166171
1337692
1517427
1179653
1545437
1452791
1007401
1456987
1031482
1100170
1403450
1330871
1107409
306386
1352454
1171830
1542232
1130616
15202
1465045
364488
203856
29550387#1_1.031699
111884
29550387#1_1.027270
1043503
29550387#1_1.028209
1308701
29550387#1_1.024753
1161757
29550387#1_1.031767
1577221
29550387#1_2.026341
1182863
29550387#1_1.031965
1299452
1249593
1542336
1181813
1378868
146715
247922
107374
1139400
1206888
1097853
1153296
1462931
130593
1438298
1434963
1285271
1565956
1434049
1353117
1093065
1344046
1059760
102245
57868214#1_1.025655
1288359
1063758
1017030
189345
1447290
367706
1284250
1014180
1248299
1438232
1436715
155577
1344542
1301707
1350587
1377637
187172
1438355
1220190
1373310
125555
1392524
1111014
1231960
1254340
1482642
1012390
183926
1259984
143473
1238479
1096945
1525713
1157422
1492736
1259920
1407820
1469060
326152
107101
1243189
1081290
1000784
1363915
1271914
1286077
1508175
1258886
1585930
1404827
1238866
1047642
1126420
1027382
1360082
1321340
24491335#2_1.029539
1258393
24491335#2_3.027921
1161860
24491335#2_2.027256
1123067
24491335#2_1.031486
1289648
24491335#2_1.029574
1463146
24491335#2_1.031306
687759
24491335#2_1.030197
1588430
1077173
1402972
1017695
1032975
139271
1264303
1051729
1514750
206072
1089903
1007747
1088803
1106980
1445385
1047790
321032
1227686
1145290
1348293
1461319
312681
368950
137391
1501887
100870
287722
464944
1334896
1570230
1281812
1081816
1114506
1021014
1096724
1238752
1483999
1057064
1332364
1278006
1199843
239180
1327786
1474988
317750
215629
152163
1439435
1231184
127217
1081181
1113451
1538952
169616
1235307
1592494
1067879
1194539
1554254
1010675
242134
1140354
1582422
1093837
1494119
1089401
102737
245111
1265663
502145
1443830
1019627
328864
1013918
1060414
1172655
1423567
1366966
1309450
1232345
15233
337980
1155908
331424
1045070
1460734
1278366
57868214#1_1.031854
1010969
57868214#1_3.027235
1063879
57868214#1_2.027178
1260700
57868214#1_3.027281
145548
57868214#1_1.031601
1055194
57868214#1_1.027482
1438976
57868214#1_2.026927
4496
57868214#1_1.029780
1315739
57868214#1_3.027957
11860
1386365
1082131
200335
1361728
355606
1173320
267758
1247572
1297606
1419994
1507759
129748
1359558
1104256
114337
301202
1357467
1371863
1463958
1477391
1174815
1552337
1287246
1167270
1227278
1330169
1240444
1522837
149492
1357113
1130585
1019300
366366
59609802_1.029067
1268810
59609802_2.026169
1032428
59609802_1.025850
1209499
59609802_2.026042
1464189
59609802_1.023954
1136775
59609802_2.027281
1163459
59609802_1.027202
1265708
59609802_1.029704
1579838
59609802_1.027793
1013054
59609802_1.026776
195473
1132822
323316
1092563
1130724
289107
1503204
1460158
1460725
1332107
1381173
1213970
1222189
1161514
1011497
1155910
1009349
24491335#2_1.028856
267875
1474234
1350507
1401070
1331957
1050572
383067
1116985
1085167
1060878
1111108
59609802_1.027419
1132559
59609802_2.026948
1001581
59609802_1.023459
182368
59609802_1.026112
1562191
59609802_2.026588
1546319
59609802_2.028243
118468
59609802_1.026827
1549514
59609802_2.025820
1171384
1175095
1019718
1245046
1190602
1123245
1070256
1059841
3469
1437546
1054342
1082287
1040058
1580930
1309437
1581999
1073165
1414770
1277334
1313805
494702
284302
121717
1574589
1537238
1505808
1266072
29550387#1_1.025207
1474091
29550387#1_1.024105
1395977
29550387#1_1.030604
161903
29550387#1_1.024503
1185747
1010927
285890
145102
1514728
29550387#1_2.027685
1201229
374825
1262201
29550387#1_1.025081
1469966
1288745
1459339
1285951
1286019
1308183
1466945
134324
1363868
1020029
331457
29550387#1_2.026013
1372646
1498253
1350308
1029234
125302
1198597
332107
1216269
1280353
1234678
1167986
1050290
269778
1137029
1450449
1076637
1323528
500639
272145
59609802_1.021617
1560199
59609802_2.025688
1575344
59609802_1.026005
132278
1370438
1047389
1425553
1167836
353326
1064928
127621
1427742
1413073
1005349
1397710
1004728
1187155
1089635
1360653
1230105
1439990
160179
1383995
24491335#2_2.026802
1088327
1155749
23580
1280654
1241320
24491335#2_1.027047
1579344
24491335#2_1.026407
1037645
24491335#2_1.027747
576025
1213923
1337535
206417
1286588
1313175
1574627
115439
1019259
114120
126651
1153679
1515399
57868214#1_1.030913
1216505
57868214#1_1.031101
1459658
1064696
213646
117867
1209018
57868214#1_1.026685
126476
57868214#1_1.030401
165962
419899
1436990
1056822
1305970
167457
1496867
1515537
1318322
1146305
1496295
1055402
1372004
166274
1235819
1132707
1035259
1549561
364727
1585307
1277175
1546490
1397740
1292929
1507426
1299582
1022148
1281215
1127623
1007466
1572723
1592218
1284617
1402627
294463
281403
1221897
1110892
1153538
1370757
1186285
1430887
198345
1538623
1491184
1243271
1441020
10172
1006516
1373534
1030286
1121184
1548257
1067198
137647
1087394
1318140
1564048
1508438
1548439
1566509
1302908
1263922
1318228
1275580
1315345
1213755
1488281
286676
228316
1115880
1416988
1183198
167383
1146213
407742
1390806
470604
1193816
1485707
1166348
25548
1006215
1274816
1349070
1135099
398409
208752
1095830
1273195
1130098
1473509
1389367
1347449
1556239
1440151
134495
1021371
1259529
1389499
264982
156690
29550387#1_1.028447
1543384
29550387#1_1.028939
154819
29550387#1_1.024917
408590
29550387#1_1.026597
1280432
1291563
1543053
1276663
241191
1275813
1015196
1150176
1215843
405150
1167870
59609802_2.026339
1212915
59609802_1.022066
1080568
220269
1119963
59609802_1.026467
1163034
1443545
120494
1392359
1131703
1252377
22988
1215226
1289267
1051172
1526283
19750
1273440
1438841
1192910
226226
1416838
1122651
1235949
1236171
13435
1556048
1448748
1060687
1231847
1335073
126284
1226058
1548008
1159716
238937
343644
1454108
1417729
1233394
1294602
1571728
446627
1171077
1382655
139837
1214789
1518234
1439374
1134455
1453374
1008604
1137744
1401690
1206719
1484859
1107440
1050335
1563863
1275132
59609802_2.027073
1378915
59609802_1.023451
345389
1054750
1167901
34202
1075311
1499834
477791
104469
1222570
1331810
1402206
1329271
290949
1348774
114243
1562143
172159
1114185
1172988
100463
1421229
1565622
121938
1456391
1409243
1528933
179825
1184448
1591186
1398031
1032223
1579680
276638
1571464
1532850
1567526
1413946
1306641
1241985
1592291
1540019
1345807
1086830
124368
1283698
1112230
1344284
214858
1152600
1065559
360311
59609802_1.021917
113186
59609802_1.022272
146950
59609802_2.026209
1205713
59609802_1.025496
1216376
1316360
1476696
1187599
1403097
1310674
472710
1036026
191281
122498
1195792
1091473
1331339
1391975
31978
1150467
1176316
1429314
1364261
225654
1430101
1486632
1404638
1088759
103003
1429325
432869
1286710
124962
44272
1163802
1521762
1051390
1518826
168759
1064545
1308208
1334213
1442404
1562633
1315115
171029
1444669
1503151
1148332
132212
1426723
1232159
24491335#2_3.027531
1276706
24491335#2_2.026878
462269
24491335#2_1.030921
1539166
24491335#2_1.028045
1533760
24491335#2_1.032087
1223711
24491335#2_1.029621
1488860
24491335#2_2.026593
1067069
24491335#2_3.026751
1070725
24491335#2_1.027695
220995
24491335#2_1.027664
1096779
127537
181159
1396478
1580306
1431875
1159002
1263496
1525741
1022475
1371584
264067
1452819
347641
1141251
57868214#1_1.027586
1177740
57868214#1_1.030280
1345545
57868214#1_1.028062
1034579
314626
1589178
1454229
1169414
131622
1379502
1260882
1431693
1025712
1412750
1093254
1581081
205807
155333
1365753
1418592
1073634
1292797
234182
1235770
170753
1337149
1576769
159185
398235
1012470
210975
1402166
237731
190229
106995
1258613
1358395
1334798
1472393
1433760
1314905
264276
1416899
1587790
1395224
1058004
1261232
1144939
1039462
1291516
1484909
1402493
1228068
1398911
1231633
1539202
1230632
1070547
1385442
1275750
1147094
245730
1269766
1465558
24491335#2_3.027189
1292851
1516596
1510307
33085
15852
1115833
1541802
149850
1016647
1401379
1022657
57868214#1_3.026697
1584125
57868214#1_3.027044
1389387
57868214#1_2.027787
377731
57868214#1_2.027930
1363903
57868214#1_1.026478
1178959
57868214#1_3.027491
237325
57868214#1_3.026978
1446334
57868214#1_1.031741
1489536
57868214#1_3.026924
1499204
57868214#1_1.025182
1549416
57868214#1_3.027464
1398380
57868214#1_1.028809
1551750
57868214#1_1.028955
1009411
57868214#1_1.028158
1055104
57868214#1_2.027089
1149068
1337349
360861
57868214#1_3.027330
1258212
57868214#1_3.026981
18399
1473872
1529945
1393390
1268850
1457835
1071541
1089186
1221372
16849
1113455
1515479
1017258
1077771
1179809
1176158
1010552
180595
1096363
1213171
1392545
1463726
256577
19441
1281057
1365328
1217336
1145348
1496982
1449957
1134855
1410820
219711
1458153
1387875
1005600
1518337
213815
1023058
1592183
1369796
1397101
1157952
1428104
1392827
1010784
1437950
103404
1399317
114503
1308410
1278107
1057854
1252222
1068053
1266414
189351
1509214
199381
1134378
1114484
247523
1434681
189120
1340866
1220152
1552561
1516525
204347
235794
1043295
1143106
1122011
1546213
1216108
1552987
281556
1018367
1036170
1090169
1362491
16347
155329
1313036
268943
1296060
57868214#1_1.022412
1417180
57868214#1_3.027164
1341504
57868214#1_1.026128
1010612
57868214#1_2.026858
1169416
57868214#1_1.021777
187700
57868214#1_1.025404
1575124
33542
1547278
24491335#2_3.026381
1057016
24491335#2_1.024980
1042393
143263
1241087
1383645
1490716
1155867
1161744
411647
1574077
1270013
1123656
1123727
1171977
1457848
1028088
1075918
1030000
1465337
1183323
307752
1366196
1036531
1038676
1156584
1385507
1016792
103741
1059411
1044262
1387046
1289435
1434636
1528983
131128
1103884
1259466
1421354
1213829
1029919
206200
174395
1251170
1373055
1452090
29550387#1_1.024518
1464857
29550387#1_2.027390
1043990
29550387#1_1.028494
1490161
29550387#1_1.025602
1432381
29550387#1_1.029495
1279200
29550387#1_1.028914
113053
29550387#1_2.028162
194317
29550387#1_2.026042
167082
29550387#1_2.026956
1411695
29550387#1_1.025906
1094309
29550387#1_1.031795
1256056
29550387#1_1.030076
1133626
29550387#1_1.026056
1282469
279019
12937
59609802_1.029218
1364638
59609802_1.027627
1009124
59609802_1.024095
1575926
59609802_1.031043
1119316
59609802_2.028130
1073262
59609802_1.027700
23302
59609802_1.031927
205271
1161601
1262450
487740
1219796
1257909
415276
1113685
1269037
233985
187645
1239576
1356467
1358282
1535767
1483985
1320812
59609802_2.027531
385456
1136420
135784
1069848
1492908
1063734
100805
1205443
1063852
1255154
1480353
1082865
1208947
1324803
1028313
1066842
239560
1071471
246809
1113296
197552
1018433
1124883
1190733
216434
1327238
1023588
1061322
1255001
1260386
1335897
1139449
1588644
1296881
1117390
1303651
1587510
138189
1128741
188503
308297
1587917
185434
1380335
1166315
1503711
1095796
1335883
357023
1065662
1395148
1096776
1004697
1262595
1014868
1520894
1408341
320631
61226
1526818
1309484
59609802_1.025511
188491
59609802_1.026146
122664
59609802_1.028150
116628
1501986
1351626
254718
1185909
102886
1502816
166155
188731
186777
396144
1192473
206892
295060
1088595
1055637
100404
1231140
1125528
59609802_2.027854
1024233
1328325
1017217
1428159
1473318
1278934
1574565
1512647
17811
1115570
1232028
1103134
1202125
1160306
1171759
301600
125526
1374919
1383183
395381
1164593
1094611
141887
1019400
1005475
440013
317910
1544983
1206419
172507
1584932
235738
1465906
147206
1216847
199439
241646
212319
1247176
1002405
1462350
174537
1220872
1483525
1112957
241692
1090689
1024687
1253677
196791
1516300
1041852
1107383
1044540
469951
250120
1454936
211049
1265775
1170292
57868214#1_1.027230
1473082
57868214#1_3.027574
106322
57868214#1_1.025370
1050742
57868214#1_3.026999
1552800
324254
377599
57868214#1_1.023828
1589782
57868214#1_3.027725
1045631
57868214#1_1.027627
213611
57868214#1_1.028538
1317135
57868214#1_1.021703
1514906
57868214#1_3.027264
17145
57868214#1_2.026991
1250128
381835
1132017
1121526
1502280
1405256
1402597
1385106
1226225
205419
1263629
1212827
1464835
226836
1485479
226092
198195
1068879
366122
1353298
591144
1166913
1136192
1227886
1047022
1134254
1048688
1508492
1556746
139729
1240650
1098510
29550387#1_1.024318
1216361
29550387#1_2.028232
1467430
29550387#1_1.029282
1359346
29550387#1_1.031896
1131940
29550387#1_1.027004
1543328
29550387#1_1.029375
1229054
1247052
1542875
1519062
140550
211509
1033683
1008453
1001909
1495629
1432833
1005087
1220778
152731
1221735
1006127
1266351
59609802_1.028673
1341273
59609802_2.028157
184656
59609802_1.027999
1576532
59609802_2.028291
114113
59609802_1.025223
1530831
59609802_2.027217
1292148
59609802_2.027339
1307409
59609802_2.025672
1310114
59609802_1.029049
1206839
59609802_1.028774
1355748
59609802_1.031935
1530244
59609802_1.028876
1338930
1311111
161092
37871
1156831
1536616
1557878
1456013
1089786
245012
1536709
1008821
1408018
1253695
1326800
1022178
326914
148756
1048991
1486662
1395639
1103947
1051065
1149155
1202397
1166104
1283110
163384
1367858
1477219
100803
1270118
292871
1417769
1126773
1186841
1500182
1493940
1232571
1461265
1347962
1196514
223838
217940
19531
1406715
1396584
256687
1531700
1508868
1189144
1030546
1054068
1493682
1297129
1563582
1020816
1338632
1208247
419641
1556126
390518
180128
1549200
132934
1219934
39540
1401492
299520
1578938
1184574
1049631
1095141
118514
1330939
1158983
1505187
1448008
1487910
1130559
305278
1379188
1402554
1589332
1524397
59609802_1.027072
259847
59609802_1.031199
1118590
59609802_1.032197
221239
59609802_1.030011
145932
59609802_1.024500
1346687
59609802_1.030587
1395435
59609802_1.024834
29039
59609802_2.027991
1062379
1464
1481748
38764
1062897
1505284
1253265
136795
1293104
1189829
1020062
304218
57868214#1_1.028691
211309
243636
246888
1256021
1571293
24491335#2_1.022964
180783
24491335#2_1.027209
112374
24491335#2_1.025298
2981
1243115
1499587
338933
18548
1269252
1167501
1349497
1366922
1534880
1390105
208319
1048880
1220938
1404284
1001742
1477948
16032
1066948
1211167
1434154
3342
1294588
254022
1420011
1211611
1103783
1471329
1291805
1296450
1465999
1260298
176678
223157
1024651
1245788
247657
1574322
1502679
1291849
1242416
1224393
1450089
1005076
1345939
1486538
256747
1532834
1314142
1475278
1262374
1377844
1138636
1086421
1468282
1000403
1309005
1309925
438870
1145546
436921
1474335
1285337
1161886
1540627
1067969
1037167
1072677
24491335#2_1.032364
1482485
24491335#2_1.031655
1491160
24491335#2_1.027554
1042201
1277704
1220170
266110
1101854
229900
210789
1099395
172063
193894
1180230
1121280
1282561
1030006
1524
1493710
1054016
127436
1090678
1050677
59609802_1.026053
1279725
59609802_1.026864
1318130
59609802_1.027255
47282
59609802_1.028647
1105316
59609802_1.028661
1238720
59609802_1.027355
210521
59609802_1.029509
1106332
59609802_2.026561
1453485
1092351
1399171
129648
117768
1442133
1132435
547220
166966
1483440
1085417
1549114
1109843
1498441
1286681
1584202
271097
1226181
1555329
1173272
1163003
29550387#1_1.026079
1524218
29550387#1_1.026815
1114502
29550387#1_1.029341
1106883
29550387#1_1.026943
1092002
29550387#1_1.026832
1201639
29550387#1_1.023919
138235
29550387#1_1.022001
1045692
29550387#1_1.023000
1487362
29550387#1_2.025927
1440497
1055561
1593277
1274348
1585387
1373235
1397591
1337619
206486
136048
302892
21421
1374612
1020681
12824
240900
1417612
1186759
127849
1402384
1575034
1346661
1296182
1222910
1511345
59609802_1.030464
327220
159262
1121279
1170729
306748
1026510
208751
1158357
1364814
117505
1569796
1281498
1184206
1066706
1149860
1244326
1362564
1087115
1285196
1545991
1562470
1154315
1196442
1392505
268005
1370716
1096219
202097
1012649
1480087
1441120
29550387#1_1.028525
1304538
29550387#1_2.027750
1469679
29550387#1_1.024970
1272341
29550387#1_1.029792
386040
1061377
1498669
1389022
1189506
1097349
1045538
236814
1239549
1258801
1376809
1375182
265191
1447215
336049
1108995
1518213
1000414
1212155
1001287
1431740
1114574
1079195
1107866
1255453
1135566
231840
265404
1212233
59609802_1.031003
1371834
59609802_2.026246
1175425
59609802_1.024243
38848
59609802_1.022006
1540408
59609802_1.029638
427822
59609802_1.028230
1419710
59609802_2.027241
386660
59609802_1.025573
1026676
59609802_2.027283
1178061
59609802_1.030388
148847
1526829
1525810
1269678
1126477
1243296
1531818
1172448
1458976
1169368
306870
1023822
1233522
1361935
1506500
234478
1191009
1429880
1166798
232459
1413470
1163967
153391
314445
1266823
1246998
205267
1497729
1031362
1275291
1341465
1341404
1229046
203096
1288296
1304000
1143599
217087
1062696
1575837
1405848
1314712
1392738
128381
1560434
1399869
1098733
1388924
1506586
111942
1441146
1114565
398131
1098559
1524150
1100563
289078
1198572
1104240
1151205
1154412
1338230
1482820
373875
269956
1002312
1383442
1433388
1319195
1140282
1265101
1220559
150652
1349277
1237557
1445925
223497
1079691
1158054
1348327
1109256
1147741
177289
1269754
1391210
1450162
1280266
1110571
1114675
1032431
1443755
200238
1076997
1014309
1423087
100085
1374124
114033
1133277
23996
272033
338759
1483346
1353302
1339846
1235918
249735
1162280
148842
29550387#1_1.029345
1129724
29550387#1_1.022917
1481640
29550387#1_1.024068
207177
1229628
202444
110344
142172
161900
24765
1111880
1580498
1125536
1411971
1193833
1497491
146280
1479341
1150929
1379451
1302886
189498
144615
1560090
1024920
300641
1078415
1514155
1156568
1465319
1305259
1227087
149365
1264461
1285246
1468523
347466
169010
1472125
1105756
1338809
1066497
1016383
1316522
140241
1396175
1113595
576234
1211679
112211
1367355
1276817
1205527
1056465
314262
1392102
1002887
1033509
1512971
1066280
1496165
1590960
1105971
1268891
1102577
209719
1457193
1066503
1379159
1061616
1484953
1030637
1401040
1083375
1043900
361859
59609802_2.026770
230415
59609802_2.025992
1172003
59609802_1.030981
1100561
59609802_2.026583
1083267
59609802_1.026208
121614
59609802_1.024997
1235507
59609802_2.026455
1261742
59609802_1.030439
1137984
59609802_1.025428
189805
59609802_1.023562
1329371
1307617
1092001
151031
1084572
1031825
200725
1533984
130399
29550387#1_1.023053
11987
29550387#1_1.030876
1246723
1552784
116747
1279094
1370
1509639
163776
103790
1125522
1134302
1112325
1481219
1315168
178897
1542975
1458221
1067767
1071549
179242
1352755
355019
133541
1012866
1382759
24491335#2_1.028124
1385343
24491335#2_2.025747
1011361
24491335#2_3.027575
1419184
24491335#2_2.027988
282678
24491335#2_3.026296
26087
1236401
29550387#1_1.028172
142372
29550387#1_1.028118
1436825
29550387#1_1.023048
1143556
29550387#1_1.024852
1194586
29550387#1_1.022876
109438
29550387#1_1.030308
1086911
29550387#1_1.028681
327616
29550387#1_1.023844
1177124
1351180
1367061
1281508
1481128
29550387#1_1.022475
1540749
29550387#1_1.023947
1032045
29550387#1_1.029472
1113887
29550387#1_1.024710
1417366
29550387#1_2.026266
1293503
1337055
1114532
256652
1587745
1197001
240414
1055701
145588
19368
1028166
360400
1519765
1104979
1101489
212794
1366627
1158431
1523439
363747
1527446
1331424
1098897
1133825
1579178
24491335#2_3.025985
1149035
24491335#2_1.023619
1101167
1001611
1016445
1288761
1177213
160075
1203297
329363
1366814
24491335#2_1.025287
199122
24491335#2_3.028206
1169466
154294
1562269
1341658
1099564
1373136
1130782
57868214#1_1.021787
1363082
57868214#1_3.025711
1098374
1589034
118487
1470353
1342209
1402063
1562373
308676
1160664
1273747
1382131
1207570
1146329
202284
1510376
1413993
1125461
264866
1141006
1326691
29550387#1_1.025554
112850
29550387#1_2.027917
1227531
29550387#1_2.026551
140173
29550387#1_2.025653
1243812
1049856
1227314
1314580
1114028
1370540
1421114
219828
363309
29550387#1_1.030949
1368171
29550387#1_1.029062
1331505
29550387#1_1.028661
1167879
29550387#1_1.027645
1506668
29550387#1_1.032131
1499561
29550387#1_1.028561
1098490
29550387#1_1.026527
1423612
303982
1573535
1332602
1325418
1084408
1422512
11164
1065214
1570006
1239872
1286492
1359015
1043135
1262918
1451889
294575
1367410
240602
1363634
1260945
289962
201850
1216222
1334532
262599
1180012
1393424
15061
1087210
1484675
1531475
433193
1235688
1077039
1347737
1003280
1120508
1107726
1033116
1270061
1294907
1055413
496868
33783
128420
1116476
1414930
1412993
1378814
1153432
1140629
1207178
1367430
1556090
1338069
257038
1528943
1295147
1362287
192624
1508176
1538637
203287
1382989
1327195
1281541
306789
272246
267757
1466568
258618
1152084
1443078
184412
1437529
1015120
1233344
1140577
1556620
1372176
1328314
135702
1530681
1160176
1187109
205169
1004826
1280209
1556586
1173401
1055714
1380056
1114533
1054446
1186979
1276700
1092199
312797
223905
1548561
1159241
123790
1527908
1196571
1249565
1511294
1033068
1327369
306455
1235047
57868214#1_1.028786
1540950
57868214#1_3.027419
1064521
57868214#1_3.027771
237164
57868214#1_3.028090
1507898
57868214#1_3.027793
1408645
57868214#1_1.027213
1002689
57868214#1_1.029283
1206478
1546951
1457787
1076444
1563531
1516902
1274167
173726
152786
1320394
1398562
533925
1463261
1046896
1415217
125362
1490264
1181958
29550387#1_1.031376
1223604
29550387#1_1.024413
358532
29550387#1_1.028834
1224951
29550387#1_1.029502
1251133
1168038
1173675
166052
113238
1297186
1071436
1341819
1178591
1015057
1114261
1083946
1416488
1245653
1306140
1405892
1132209
1227918
1193613
386362
100491
159303
1433290
430512
1070263
1562783
1144817
1144242
1341439
1384421
1083973
1380031
1246910
1490606
1220466
1063636
1382597
1410433
1539548
1054873
1300508
1534796
1348642
1419430
1419550
1306508
1458237
1326099
1229293
1452947
1495378
1093848
1279509
314952
1361717
1192745
1057
2410
1503774
1262975
1079569
1536743
1088646
1341064
1029284
1196573
1135904
1110317
146532
1276043
1480646
1101392
1417365
1162034
1202720
1339348
1458846
1076478
1449355
1049373
1506692
203515
1456562
1174645
1108578
18044
1002873
1587765
1013516
1368145
1291311
1521445
1247145
1551206
1519135
375519
412302
1525128
1299257
1368063
274779
1444860
1054656
1530758
1343
1467417
1433146
29550387#1_1.027109
21801
29550387#1_1.022368
1269198
29550387#1_1.025769
1439075
29550387#1_1.022724
1205480
29550387#1_1.022940
1485334
1096009
1486314
1207620
1265723
1281838
1387308
203422
1455438
118735
1217011
1440486
1033282
1443499
325872
1069169
1188182
59609802_2.027403
1223247
1113562
330157
1105720
239633
1313436
1558487
1248956
1094925
