1181180
1511784
1163909
1488067
1521791
1205985
1523911
1503631
1135072
1507348
1532028
1012029
1228749
1383062
208035
1172625
224182
1331999
1147452
1003215
378159
1267291
1294621
510447
1308970
1495163
1196377
1386777
1561034
1159596
1203036
264083
1425082
1490631
1086386
1512770
106694
1550749
1500110
1171951
1398946
1253000
1256688
1016623
1510144
215593
227144
1087532
1165829
1227128
125658
1172103
1459572
1036088
204580
1573706
1223748
1101980
395061
186146
1077197
1219786
1081339
1420502
1040758
1304209
1441917
1046534
1298233
226066
1579890
1300611
202802
1157478
1413565
334223
1198705
204944
1170713
375468
377707
1485184
1030479
127218
1230646
1157211
1461133
138770
1238737
1559627
1538542
1192733
288731
294331
1323290
138007
1190157
1113452
319952
1481589
1201999
1069429
1300078
1507336
134283
1347613
15060
1080164
373268
1278608
1163896
10279
1165134
1392167
1221532
29944
1167592
1223988
281381
1244785
1475014
171106
1091946
1098122
1173020
1020583
1503814
1222711
1551835
332589
1592371
1004102
1295015
1178935
1436379
1395648
1150863
1578155
196299
45350
350375
1554058
1212497
1097567
1474082
361191
1432817
1128435
1579064
1020484
1346347
1274016
1418434
1064469
1502312
1074720
1028096
107042
1520968
1467635
1408382
1002406
265752
1284610
1207148
1387442
333183
145526
1087521
127909
1043482
137394
1403623
1515227
113474
1130432
1440848
1573576
1217241
188317
1032947
1195330
1269236
101513
1147567
1294750
1567821
262654
1064500
575501
100444
1162777
104450
1102883
1528506
1407737
1468286
20022
235967
29405
1159823
1281946
1549482
1502630
233902
151791
1110467
1524093
279798
302181
1521854
1086762
1526402
1298746
1032528
1334952
213413
1130377
1237576
239786
1186343
169979
1568686
175984
1241786
1221698
283622
1501130
1392892
1555789
1525383
541286
17220
1346228
1010976
1336867
1203808
1229134
292478
1327846
1060689
1019725
1261447
335673
1026166
1375380
1390760
1100657
1031872
1302447
1512719
1483992
1532265
17647
1183945
404447
1084427
148814
1148939
1504611
1311805
1442763
1382171
1411585
292032
120921
291397
1481397
1263941
155679
1397582
1080581
1383561
166111
1365429
1369851
1176917
1118167
1592953
1336723
1253185
1290144
117599
142434
1038010
490503
1452522
1049146
1229301
321656
11701
1505047
1181155
1040686
1253613
1347969
1028154
1530265
1252098
1377856
1083551
119578
1100273
1037901
406594
216555
1276973
1107926
1097751
1265820
313663
1225588
1065471
1443576
1098520
136645
1224686
1247255
1249407
1288080
1462830
457287
242834
1154629
286173
6063
1150819
1039819
1004624
191675
1026508
114504
1527111
1086991
1087746
1143555
215219
1226648
215557
145928
292334
1340447
314134
1036227
1256832
1371390
143237
1178194
133485
1494326
1169959
137616
1145827
1237056
249675
1337270
1047666
1555330
1322985
1306580
1268176
707598
376389
1211495
1150261
1104831
1177598
1124170
1468109
150145
1503151
1183482
1507425
1137027
319581
1258615
1039984
1318038
138342
1564282
312118
1294993
1370835
1066742
1339238
481495
1282514
1263744
1196645
1573729
1172356
1453872
340049
1114792
1546349
250941
1293146
133921
1099222
494703
325277
1260369
29550387#1_1.024956
1457502
29550387#1_1.022105
1274297
194691
370662
1358808
1138289
1264294
1193274
1576899
1206916
1013068
1430632
18638
184899
1414181
1256542
1415262
259686
1029619
1189434
1053938
1084174
1073317
1416989
1085354
1316182
364494
1061563
1121968
1380015
1403124
1573336
1365758
1567342
1172746
1099561
1450903
1366817
526311
1368617
1376071
1476222
1567850
1278638
1463727
197488
334548
270736
1122375
1238437
1447215
1417670
150213
1283774
126358
1393130
1496803
128624
1166258
1478886
1399911
1157258
1035259
1498373
1089217
1416665
1212616
1547216
1520827
1368722
466992
1474853
342486
266897
142846
1128282
244756
1432766
1224402
109043
1289308
299047
1428632
1150114
1500714
1349664
1494258
1228452
1043423
361747
1271674
1113301
1506945
1361348
1150595
1202391
355539
1378989
126732
1054255
1322847
1451017
1461314
1383220
1236681
1028088
1137139
295739
1007118
1578578
1592828
1331924
228137
1373230
1159475
29550387#1_2.027132
1123509
1069800
1125760
1430517
1078361
1196528
1147311
300925
187454
29550387#1_1.027986
1400121
1273054
560900
138558
177544
1217687
1390314
1388175
1567865
207300
1408224
1218988
1138940
1109552
1329182
1174580
1397794
345480
1177746
1042132
1164018
1324417
1136551
1210108
1275706
1084843
24491335#2_1.025971
371034
24491335#2_3.026946
217941
1440202
581055
1232398
1178155
1188393
270027
1107655
1094969
1454194
1005041
1090355
372667
1159647
1454062
1579637
1346628
28431
1276794
143930
1545339
1419686
1040215
1312585
57868214#1_3.028080
1072266
1482429
1102065
1182445
1529609
1422749
1033906
1372647
1061777
1283390
1087058
1036396
1571988
1003866
131611
1164651
10099
1270639
129748
1059872
1500143
162826
1377485
218488
224276
1217005
240659
1521475
1344752
1573625
1255601
1001503
125337
1354725
1368896
1210039
1279662
1225165
258477
1083056
1059297
1288791
294261
112212
1364575
1420355
1086424
1480389
1017468
401363
1032783
1009429
1313436
1378330
266327
351673
207633
1306491
1435598
192866
296480
1221485
1025788
1172989
384838
1135617
1492177
1453673
59609802_1.025842
1237925
327902
1011804
1096808
383067
1582939
100080
24491335#2_1.024348
768193
24491335#2_1.028358
1113669
1555749
1265449
1333770
307488
1586237
1391086
414249
1108274
1457039
1045569
1001718
1138530
158864
1378325
1371490
29550387#1_1.030061
1478986
29550387#1_2.027254
1410619
1220491
1193789
59609802_1.031275
1500599
241468
1459226
1553420
1033935
1307215
1439323
138560
1292772
1370799
1142722
103570
1439199
1134611
1304285
1553934
305799
1204840
1478742
29550387#1_2.027525
1551186
29550387#1_1.028146
1457291
29550387#1_1.030731
153555
1191700
57868214#1_1.028061
1164430
57868214#1_1.025655
1367885
1323331
308160
1175582
25367
1396627
1190503
1325781
1542031
1357554
1178542
1492676
1590782
163120
59609802_2.026915
1417630
59609802_1.027464
1040981
1103882
1427164
1084409
1470143
20745
1273529
1552795
1469003
1453391
1583273
303166
1182188
1048978
1515433
1015656
1543939
1402598
1229578
260256
1103075
1086305
1292676
1347099
126568
59609802_1.026541
1053227
59609802_1.026071
1590416
59609802_1.032165
1523172
59609802_2.027196
20349
59609802_1.027207
1542275
1255212
1316484
1345939
1285898
153584
1057695
366934
1184395
1421368
57868214#1_1.022765
1367086
57868214#1_1.026618
1296973
57868214#1_1.027676
1168417
118933
240344
1080982
141413
24491335#2_1.023236
1414493
24491335#2_2.028024
1159295
1290531
1174948
1231335
286534
522889
383690
1113933
1113752
1200708
211509
1222671
1462279
1139461
1254548
1073234
131336
1359135
1313088
1482642
178482
103267
1260535
57868214#1_1.021697
1324422
1058097
1426996
1282942
1479461
1271394
1046774
312896
1076408
134557
1129678
154074
500981
125590
1394506
1279167
1302143
1136872
1337471
1393834
1061616
1574533
1007101
1222251
1343927
1156286
1444615
1016895
173058
212218
24491335#2_1.032199
1532366
24491335#2_1.032255
251089
1010191
1556090
184291
1526088
1393390
1220793
1368041
1249677
1489477
1383808
1375263
212293
1143230
1182076
1230632
1249193
57868214#1_2.027274
1339166
57868214#1_2.026902
1238666
57868214#1_1.032068
1477534
57868214#1_1.030793
1019259
1313175
181159
1334991
1328267
24491335#2_1.030201
1209130
24491335#2_1.027721
1217619
24491335#2_1.030139
1027382
24491335#2_1.031388
1436906
1291657
25719
120962
1022419
132047
35602
1067272
1023357
1288220
198863
1314176
1209455
169310
102670
453517
1018944
1250584
257891
1330854
1002193
1244457
1091737
1417613
370733
1469435
1439374
1527459
158126
1115484
248980
1150462
21715
1404638
1501689
346843
1503660
335922
284131
1454224
1002644
1370300
1267218
732987
298876
198301
57868214#1_3.026973
1078427
1004100
621596
1240591
1042579
1280133
1214743
139006
1084648
1039404
1515915
1462175
1462028
1182985
29550387#1_1.031751
1392541
29550387#1_1.028723
1367161
207825
1122170
201714
1516219
1511189
1470598
1376298
1059589
104391
1567762
14252
1152953
1320465
1198784
285167
1048148
203360
1108506
1492821
1430856
1020915
167070
1196229
1002366
337629
1169223
1440611
227142
59609802_1.027990
1218905
1514664
1279401
1140801
1025232
29550387#1_2.026941
1257664
1176039
1308487
1280131
277379
1574060
350410
1113101
1456891
1279177
1421579
1508175
1582952
1435852
126651
57868214#1_3.027263
1023919
1366244
1438177
279098
1522305
1000315
199156
1538295
1454266
1365913
1203068
1527908
250792
1538367
173217
1069088
1361728
1007747
1546652
1033432
1829
1535848
267472
154642
1107496
1367589
1300830
1159963
156714
24491335#2_3.027841
1387188
1523809
1334213
1426723
1031917
1047153
209270
1456838
1352249
1183925
1491683
400347
59609802_1.022938
1127300
59609802_1.026716
1035833
1210305
343975
1062926
1024987
141944
136584
1277287
1188974
1168158
1515785
19659
1460725
1306053
236855
1266876
1061365
29550387#1_2.026586
160167
186367
1579957
242337
170337
1503175
1191010
179176
1227278
1402876
261103
1420381
57868214#1_1.031477
1224862
57868214#1_1.030100
1211600
1014367
1049619
1135952
1055587
1247647
152117
1271354
1441401
1101709
1286361
1519992
167624
1088182
1503920
318296
182118
290919
1341927
37193
1102219
1416615
202640
225035
1579479
192295
1240089
331424
1553828
24491335#2_1.026129
1560150
24491335#2_3.025823
213347
24491335#2_3.027111
152163
1555502
1105659
1020846
59609802_2.026096
165011
59609802_2.025898
1429857
59609802_2.028121
1092199
1244909
119126
1159722
397241
29550387#1_1.025229
1115784
29550387#1_1.029159
1113064
146644
1216220
1227367
1108579
355866
50364
1247013
1293209
18689
146533
1466861
509389
29550387#1_2.027606
1522338
29550387#1_1.025837
334007
29550387#1_1.024906
1313964
29550387#1_1.025167
1496293
470757
250639
1227666
1591186
1334584
1159241
1234203
121308
1485843
1056497
146625
19442
1039956
409770
1075881
17162
59609802_2.026328
345508
33722
1114533
1179661
1317894
59609802_1.024903
1409088
1136402
1178698
1066706
1055688
1242109
121954
1028991
1041020
1161807
1496624
1107020
1171340
1243698
1219655
15205
1105320
343644
1345716
1406347
1519703
114033
1405407
102214
1481548
430822
357320
1560916
223523
57868214#1_2.026042
1585305
1373528
1248299
1058192
322121
1057318
1304811
1041704
1133457
1426725
1062338
1045449
1562373
1389171
1282932
1309388
1387928
1439327
1094611
1075456
1050583
1051722
1058291
1528919
1443050
1364174
358017
1214053
1495629
1396685
1473888
1035972
1592934
268943
1351713
1368229
1258863
1347962
27968
1574186
1177943
1378256
1052045
1313617
1409423
266536
1295442
1278588
1562270
24491335#2_1.028121
131406
24491335#2_1.026841
1087292
11108
222870
57868214#1_1.023726
1427650
57868214#1_2.026706
1065723
57868214#1_1.026515
1534301
1179555
1588988
1429768
148547
1362491
1493145
1111862
1358283
101184
1018999
1071329
1339734
1141201
1592727
463284
1430839
1324002
29550387#1_1.029852
1017654
29550387#1_1.031934
1346506
29550387#1_1.028098
1344350
29550387#1_1.031817
1490828
176215
1022713
194319
1375376
1181679
295687
1022475
1562379
111539
167541
177416
1275105
1291894
1515617
158717
1512445
1546490
339029
144733
1425553
1099395
1466568
1047905
1152084
1440456
1252796
1292532
1466926
1249565
1321279
1156796
1475241
1227686
174153
113622
1251041
1024494
1590943
1331912
23580
1334318
1443490
1533162
1248249
1535790
208506
59609802_1.029729
1307409
59609802_1.028269
303746
59609802_1.026833
117287
59609802_2.028129
1490121
1290052
1312121
1265998
1436206
1486662
1481021
1298437
1227030
1562593
20314
1299923
1434636
1573167
1378068
1245287
1008962
226219
1051546
1394218
505042
1542737
264348
400534
1181122
311736
1292269
1428080
1093872
1516655
1019968
387667
107478
1010275
1078925
1197822
1256045
1475716
1377850
1043966
1207259
315952
1445622
1398794
1563804
120140
1463103
412369
1284975
1278108
57868214#1_1.024305
1592031
57868214#1_1.022629
1522379
57868214#1_3.027302
1484636
1106710
1004113
1163094
1284250
1214406
1499587
1102658
1371753
1528103
1320679
1063020
209888
1016792
1259593
1334824
1323018
1062946
1173278
1472157
1223619
1388795
123099
139729
1479596
1442089
463646
1085772
380746
1430502
132965
1154830
1016985
304424
1285197
1140127
57868214#1_1.028531
241060
57868214#1_1.026988
1447863
1144220
1154123
1147472
1184613
1346028
1542709
1568171
1116410
215137
1393308
1393881
1292201
108789
1489351
482466
1195226
1517921
281991
1253264
1126048
123302
1003493
1081057
1255839
1361329
1123927
1172933
1152795
1477079
59609802_1.022800
1050677
59609802_2.027001
1075235
164200
156691
1178445
1380965
1027234
1160028
1050290
1499430
1503525
1089404
1474739
1413947
1474855
1334459
417518
24386
1068621
100891
1155004
156077
1529266
1445566
109776
1247958
342192
118059
1556789
1462713
29550387#1_1.024398
224141
1321410
1550071
1133783
19231
264996
1315168
1460834
1244009
1506261
171267
166085
1356049
1137645
193155
1022090
1459004
1342688
468664
1126561
1338446
151110
1407551
321255
1211112
1044406
146142
1094240
286210
325560
1249348
1287867
1076942
1487753
195473
1556419
1347449
1577027
1098172
1276663
1263787
57868214#1_1.025397
1493361
1276788
1304169
24491335#2_3.027298
1091683
1140466
1387700
1188138
1448929
1094762
1100791
1023750
1519058
1198430
1377284
1532914
222606
22916
1254709
1246638
59609802_1.028742
1433657
59609802_1.028614
1360149
59609802_1.027225
1110758
180070
1548853
1202756
206617
1146402
157089
118046
1411730
1161078
1559065
19114
1585778
1587556
1583136
1054792
1352
1232847
290571
1428523
1189144
29550387#1_1.027403
41238
29550387#1_1.028524
1130714
30258
1093306
1106799
1155542
180866
1211741
1461359
1122297
1580506
1044732
1585930
1545661
1229163
1215410
1368798
191284
42738
1296961
1076279
1045354
1331102
1154315
1287185
1287300
1416957
1391128
1066890
1026522
141469
259138
57868214#1_1.029073
30315
1080663
1412614
188066
169932
1027449
1107955
1516596
1567299
1012933
1294998
1251871
155028
1315345
1101523
1379006
1315651
1486190
1512971
1528591
1131780
1478160
1479434
258004
333532
160545
1259321
513923
1488814
1552176
231902
1058469
59609802_2.027941
1181424
59609802_1.025456
1278739
1272566
1370939
1012470
1464424
1415237
1306273
1472125
127436
1240012
1015644
29550387#1_2.028084
1436940
1062869
1537595
29550387#1_1.026321
1055721
29550387#1_2.026870
1439075
29550387#1_1.021851
1374443
29550387#1_2.025706
1263820
1417984
1563920
1245427
294081
119964
1457835
1068725
1160528
1002695
1140629
1172187
1329766
1581784
1358573
368950
1000320
373582
140848
1025063
1452406
1582622
1316063
1154279
1485708
1238137
1444481
1046828
1449958
1145352
345389
117141
314533
116918
1058611
1417554
260448
1330099
1015196
133792
225711
1169144
1469931
381835
212363
57868214#1_1.025611
1044268
57868214#1_1.022412
166484
57868214#1_1.025064
1367565
57868214#1_1.028122
1095630
1299269
1008453
1036531
232920
291816
1491741
1241956
162753
1034235
1348458
1402418
1128534
137297
426065
1577895
1349965
1503593
1250348
1519413
1009097
1470722
1556374
1059970
1299166
125166
1260386
1101946
1816
1132699
1564431
214565
1084362
1517605
519245
1478261
1069483
1320910
1176233
1393345
1475876
1350774
1043135
1525227
1387023
1098750
40326
1367030
215662
1350824
326152
1477338
1206361
1112018
1493374
253688
361360
1524802
29550387#1_2.027972
1251170
1511913
1591577
1451190
1118234
1325436
19531
1383975
1369391
1134932
1592797
127033
1512466
1333579
1401792
297897
1318782
1372833
1579789
270795
1095731
1124613
291479
18548
1104353
1219321
1211606
1328427
1079150
1208785
121046
1363796
24491335#2_3.026381
161664
1003440
1429204
137432
388432
1365403
1167357
502423
343011
1338369
1447342
1254125
327025
1315876
187399
412279
1349767
1284258
1585102
1382655
149361
29550387#1_2.026237
1277753
29550387#1_2.027591
1348623
1273033
1274454
1447656
1546190
1175312
1560434
1005150
1030395
1589834
1357314
1002322
1056018
1553310
1535643
1424082
1395437
1346661
1573852
1301713
1330955
1174035
1173628
59609802_1.024795
1260863
59609802_1.026100
1446459
1148945
1045405
1294298
264455
59609802_1.030094
1430425
59609802_1.024895
1136775
1548709
1534140
1067190
1480129
1084595
1422949
1170896
161933
1222910
1427961
1235307
216721
165504
1481697
1144560
1488268
1187160
115890
1087177
326025
268069
139387
1488799
1234421
1531928
192819
1086588
1439658
1564826
1021372
1076392
1494276
1552119
1028500
1000868
161950
59609802_1.025752
1473670
1253569
103862
1273959
323316
1220168
1058466
19651
1556697
1450652
1048415
1585505
1570791
1510773
1562757
1083360
1200634
1190177
1241991
1475605
1428573
1303759
1328325
1045019
176388
1359248
1502772
1479551
1236224
1033474
1031739
1575497
198614
1210118
1438026
1222802
109622
247922
59609802_1.032046
1453155
59609802_2.026682
1583397
59609802_2.026299
1427042
59609802_1.029342
1091445
1353381
1161886
1565005
1403058
1471903
1459448
1518750
1160386
59609802_1.028470
1500054
59609802_1.027743
1088279
59609802_2.027114
1512064
172917
32681
1167992
1318648
1542989
164411
1056390
125866
271187
1011388
1414917
263918
1033983
1162680
1472178
1402843
102976
57868214#1_3.027164
1119691
57868214#1_1.028538
1433331
384324
218450
1370562
143025
1141797
1064227
24491335#2_1.026578
1187670
1011973
1376484
1377096
1036881
1474234
1213030
1045120
385643
1125520
1172443
1103957
1577675
1271531
1113871
1377407
1291054
231866
1120064
1404405
1209772
1249936
156908
1525704
134686
1007988
1321431
1474814
1176151
1180850
1459205
1348106
1089822
1283368
1328404
108895
29550387#1_1.031472
167082
29550387#1_2.027072
1170374
447917
1559424
1271447
1223934
1142046
1009413
1184637
1572191
1248127
1099285
1389017
1535410
1200046
1500182
189768
57868214#1_1.025370
14971
1504171
347060
223838
1488039
1060772
152615
1490074
1517623
1411845
1050255
1462260
29550387#1_1.031700
1105792
29550387#1_2.026309
1565373
29550387#1_2.027746
1137765
309948
206766
1081384
1414991
1525316
1530550
129390
1506406
1296212
1148271
1396478
320618
1359877
148243
57868214#1_1.027238
1282382
57868214#1_1.029028
438927
57868214#1_1.030427
1291400
57868214#1_2.026968
1410303
240291
1475190
237572
1559177
1233344
1496867
1051390
1588430
24491335#2_3.027921
137542
1382382
1365419
1395098
1169529
1585656
1084623
407361
1529069
57868214#1_2.027154
25641
1156280
1096981
1537518
1507859
256026
1318322
307084
1372250
1390784
107527
1342403
512572
61644
241063
1281215
1244326
1053020
250595
1362078
1573618
1153679
1506643
1256648
1461787
1373677
1039745
1294907
138232
1005019
1259403
1220805
266795
59609802_1.031127
235856
59609802_1.030080
1592972
1311580
1278036
1172917
1296262
1139449
309395
256747
1139399
1476768
1273869
395381
275487
1043561
147038
1214762
1033888
1182586
1433788
1289360
1492420
1255612
38013
1212129
1131980
343611
1083430
1468636
1495745
1526044
1289648
1085579
1011361
1160622
1563531
1582361
262929
1124969
1054556
184872
1366057
1352117
1206264
1183069
29550387#1_1.022236
524216
29550387#1_1.022372
1497092
170449
1046958
135931
1128549
29550387#1_2.028044
1560497
29550387#1_1.027988
622816
29550387#1_1.024371
1143556
1256222
143469
1075220
1299264
1322465
1112750
157788
1489558
1115667
1049391
1441248
1400329
1086880
1548956
1249097
1208799
226281
1519782
1555101
130274
127079
1233522
1558575
122120
1412446
132916
243412
1579621
1038346
1365604
179266
1276007
214384
1273748
1217336
1133364
1107530
1477714
59609802_1.027192
1172003
59609802_1.027968
1363773
59609802_1.027306
338000
124490
228811
288644
183466
1537212
214537
1316488
1141619
1387875
1428104
1552981
1216376
1397150
1161995
1483440
1217148
1487870
12940
1524568
1293235
1480276
1166639
407003
1408196
59609802_1.025700
1317535
500639
133336
1321039
1579178
24491335#2_1.024036
1221756
1092096
1344487
1019909
1389449
482470
1406953
1061527
176054
1022862
1425305
111858
1373818
1382764
1150590
1424310
1443680
108815
1249614
1083278
296323
1441280
1294090
1454794
1098374
183926
110813
1246289
15078
158825
59609802_2.027790
1163963
59609802_1.029147
1214499
59609802_1.028175
163751
59609802_1.028326
122783
1475662
1065061
1048309
126959
1252867
1164350
1161557
1181623
1204600
57868214#1_1.025404
167202
57868214#1_3.027725
1430352
1175285
1366078
239756
1551012
145843
1448144
1056002
148756
1407310
1321416
11554
1519641
1298204
1218055
1446253
1003559
491742
1541182
273695
1224797
1386253
1294958
1240178
1535752
1510359
163475
1162010
1093280
1234452
1333332
1300758
1356825
226954
1532321
1182259
1105931
1055851
1166992
14843
1482446
1291214
1145613
1544136
1488766
1445927
1181729
1473236
1154182
116258
1236895
1308217
1447401
1073858
1309049
1097882
398538
1039770
256294
1322707
1422675
1265056
1546211
1145546
1111005
1116026
1098964
220876
1025507
340237
1143562
1272391
206072
1278961
1311307
157711
181305
1280002
1436174
263665
1438676
1513229
23061
1235819
1071520
1034520
1287246
254152
1566746
155333
16849
273188
1365240
1579980
1258562
1477438
1480031
1102160
213040
1414306
1116382
1112418
1538642
1215071
1239341
1180012
1209370
308297
411554
1151144
390329
1010348
1252222
1253290
1484984
311733
388173
1071619
1169466
1067656
1366814
1105074
1504131
14241
1520642
222590
260335
310517
430676
240214
1446597
1381575
235794
1036170
1220152
1212911
1377089
1373310
266393
1103816
1327885
1303888
1060845
1348665
1018544
1155666
1282476
199041
1249656
1263100
1512668
1064562
1388334
1578489
1251945
329931
1397888
1414770
1363123
1211226
526394
18959
117670
1589178
279316
1198878
1060522
1095911
1338616
189423
1066768
1203469
126295
1019753
180001
1496133
57868214#1_1.029823
1206181
1209670
1467030
1181278
145370
1173811
148626
1328376
1154963
176371
1566696
1168625
1359272
1336370
216859
1166931
1058889
1315944
518765
1338265
29550387#1_1.025321
13081
1267764
108719
545720
162079
1247853
1554826
151551
114816
29550387#1_1.023931
1019000
1466025
1022611
1118399
209751
1353828
214794
1237759
223059
375519
1229331
104705
1340265
1376003
270951
1549114
1183834
59609802_1.022722
555301
59609802_2.026435
1536130
59609802_1.022265
1252169
59609802_1.027242
1487375
59609802_1.023084
1430201
1124583
1289840
310231
1461158
258290
1539681
1159129
1326869
1414384
218649
1333376
1583518
372597
1009367
1184359
1066786
420516
1179596
287722
1048259
199416
1341465
144351
1273440
1480183
106856
238827
1080870
1570099
1083375
1318002
1102517
1043079
1361817
1301125
1382597
280359
1194673
1359215
1101167
1105838
1391037
24491335#2_1.024980
1481370
1133236
1394402
1323769
1210248
57868214#1_1.025479
116253
1479889
1030115
361357
1434154
1054068
1536783
1522046
1022100
1274872
1091605
140198
1108144
1534821
1202222
1132052
284304
158115
1358618
57868214#1_1.025902
1420730
1159978
1209245
155329
1201268
24491335#2_3.027151
1484468
1287541
122577
1111504
1053928
1251330
1454274
1122666
1425159
1115543
1221667
185434
1194322
1075284
1490446
1103896
1466410
1454356
1341616
111576
29550387#1_2.026805
251479
29550387#1_1.031390
113053
126680
1080229
59609802_1.030313
1036796
59609802_2.028131
1349410
59609802_1.028437
1378467
59609802_2.027901
1159737
27983
1275507
1435501
1162036
1237511
1234110
24491335#2_1.032087
284345
24491335#2_1.028430
146633
264596
1459663
1463466
1507801
57868214#1_1.031854
122982
57868214#1_1.026889
1249297
120880
1538183
1339852
1000700
1089635
1353656
475723
1077663
1122926
1100563
1240444
140518
1203162
1199843
223325
1401929
239883
1517052
118225
1461319
1517580
200158
1134362
1318523
216956
1420133
115461
149696
1403564
1483399
1526847
1111278
150903
1180719
1479639
1562403
1221427
1000269
1479131
1010510
1111848
153716
57868214#1_1.026949
1402507
1087706
1387907
1067408
1053194
1278470
241156
1118263
154555
1137203
1108348
59609802_1.029581
1206839
59609802_1.028129
152104
1537376
165204
1089657
1154288
1113511
1557172
1144059
440709
1072438
1274328
109232
1327748
404527
1244630
1552206
290906
1008759
119295
1060465
1334303
1251596
310161
157499
1500807
51153
1473142
1476370
1003748
137249
1388913
288273
165016
423186
1005570
1014222
57868214#1_1.027230
1084182
57868214#1_3.026999
212548
1189141
1092435
1403660
362726
1331841
322459
1073650
180471
1569187
197298
171758
1255043
1392797
1193087
57868214#1_2.026812
1108216
57868214#1_1.028691
1344565
57868214#1_1.021777
1400800
39112
1142467
1529147
1027499
1357168
1031744
356235
1471180
203392
203603
1148725
1340126
1329536
155360
1002760
1042895
1006085
1515570
1445993
101508
1039058
432484
36357
119041
1406939
335671
1375467
115568
1524932
1028572
1427506
1086351
131128
517975
219430
1097654
1156574
1085777
1574905
1543143
1163021
1047114
1173183
1436074
1064221
1423125
1137595
1113798
1449049
52648
272056
1506309
445084
1122141
1382508
105589
1442280
1530548
29550387#1_1.029461
1038618
1467789
1141050
1133656
129468
29550387#1_2.026409
1202232
29550387#1_1.023380
1190547
1262608
178366
59609802_1.026578
136126
59609802_1.022522
1154872
59609802_1.022895
1098059
59609802_1.022260
1466462
59609802_1.022773
18002
1068316
1061972
1328466
1385036
1551206
1566074
1167503
285354
1205798
223905
1116571
190680
1296044
117447
1055665
383439
1275110
405945
1529508
1180543
1448019
1109314
220015
1155350
1364403
1233959
1515126
126492
1554254
1194139
1285345
1577882
59609802_2.026338
1244584
59609802_2.026945
232173
1201850
255685
29550387#1_1.023084
1416909
29550387#1_1.022435
283443
213648
1349385
1176721
1333204
403795
1479816
1379208
24491335#2_1.027757
1510339
1189930
1584937
177137
1440319
595601
1337201
1241229
1506792
1249467
238140
1047790
1243814
1315115
1126226
1301801
1508438
152957
1437141
24491335#2_2.027256
1118458
24491335#2_1.026535
415016
1529292
1018578
1570230
1040772
57868214#1_1.031601
174902
57868214#1_1.030631
277810
258364
1370716
1106085
1363724
1191741
140331
1546169
59609802_1.023082
1318798
59609802_1.026715
1375811
59609802_2.026995
1585621
59609802_1.026111
1269
59609802_1.028850
1126557
1454595
1075753
341896
1574900
1508056
149422
1274232
1310599
1410610
1313933
1570087
1162674
1256060
1501094
1392420
151191
219711
1503204
1207313
1296911
1214789
165149
1371424
1414954
135222
1348148
1047473
1573593
1199732
1493710
1173873
126578
1177452
131306
269839
1038059
29550387#1_1.024690
420040
1415893
100338
1359670
28674
1193378
1476052
256074
142897
57868214#1_1.027627
109632
57868214#1_2.026991
1157245
57868214#1_2.026858
213879
1400858
1120069
1171423
1197333
1005517
325543
232916
1298801
1022439
1168757
1186329
59609802_1.028603
1115753
59609802_2.026736
1365681
1324311
19614
1302290
1165534
1190125
1540074
1536119
201850
1027319
1318471
1578935
1296931
1486618
141084
1295062
1330557
1172288
296694
1259018
1045443
1348167
1406129
1536235
1542868
31471
1270249
29550387#1_1.027667
109908
29550387#1_1.028320
1429430
272497
271642
1195302
1055563
1484713
1054123
1020778
1139048
1327238
1152269
1134061
249363
1136192
1558462
1507966
1172656
1447368
1440355
1565956
1562570
1436715
1588542
132189
1220938
1430657
1557719
1515048
367279
1378004
1166315
192533
1557810
59609802_1.032167
1034033
59609802_1.030755
1488867
59609802_1.031002
406491
59609802_1.026169
336633
24491335#2_1.029574
364565
1371524
1105965
1116842
175753
1482721
108185
1223205
1214259
1213950
1207178
1421795
1369214
1380620
1105502
1433889
167770
1178503
13571
1218719
442990
257082
488339
1152012
1232571
1126387
1313819
18709
1024191
1487820
24491335#2_1.028856
132429
1462776
110649
367706
152187
1007876
1171874
1693
1088420
1130499
617432
1053916
1059881
347213
1559070
1273479
1221018
1043070
1100727
1462292
1161345
29550387#1_1.022957
1433146
1569986
109438
29550387#1_1.021937
1216146
29550387#1_1.024938
1417438
145102
137620
1337619
1537412
1555096
1526283
1538952
124601
1567727
1203477
1232114
1129724
1004638
1058377
1180803
1469061
1049254
229199
1128851
1334401
59609802_1.031249
1013933
59609802_1.025641
1318130
59609802_1.024941
1236120
1061817
1294173
1107866
1001919
1392459
1375422
146044
121351
1588790
307242
1304137
1592900
1350242
1085630
1204125
1439054
1329592
1364412
1446010
114491
1144350
1437078
136987
1038471
1234060
1163332
1191206
1309171
1243398
284554
1338436
1438781
1541205
1160203
1034659
1450887
146430
1225982
260765
245843
1137142
1117433
21176
137867
1390259
1382412
227582
1139925
1264470
1176572
1196545
1453634
203349
364488
1389306
1391645
1428657
1241477
1474574
1430229
190865
224202
1118225
1428194
1150913
29550387#1_2.028218
634311
29550387#1_1.031873
1185826
1093774
1118391
1257108
255243
100551
1079407
1532387
1290059
1259866
1554207
1542232
217337
1219934
1162492
1263809
1156550
1217364
1163323
1471505
1063758
1003473
57868214#1_1.028268
1144901
57868214#1_3.025951
1118736
1072691
1531890
1037552
275288
1095297
1472001
1334754
1421063
1582847
134794
1020500
1061349
1052716
1449312
347466
1122229
118831
1341439
227330
1252779
1182563
1106551
1111156
1547824
275205
211309
162236
1134582
1224504
1245521
1164451
522152
1043815
1585177
1093161
1459922
289714
1099919
1045702
230471
57868214#1_1.021689
1512449
1029116
118487
1265775
304441
1018890
1201249
1535767
1354135
1420111
1145961
1098510
1320119
1369828
1298419
1192933
1124874
270466
1415746
141114
1137517
1199631
1113375
1132899
1137922
133517
59609802_2.025699
118378
1146329
1013522
1016652
1587394
59609802_1.029706
1209079
1338833
1070919
1318228
1529901
148337
234464
1394378
1225760
1385442
1560833
1210373
1136067
313652
1404052
1429072
1275136
57868214#1_1.027301
1281363
57868214#1_1.031102
1173107
202588
1555705
1521401
1515241
1196270
1132930
1032223
139441
1273156
1383279
1011046
1260165
1479502
1308891
1148003
1082086
1067198
1535452
1273678
1141302
1269888
1103608
1288176
1332784
1157509
147583
1389738
310206
1368835
1447878
1276955
197143
149132
1108629
1463890
1225907
471002
1274820
1036442
1492396
1324355
1499385
1290452
1039365
1115344
1433757
1157026
1222425
1082279
1147346
1291710
104516
224743
257166
1081816
1176806
1037851
1104220
1313925
1016903
369993
1022948
147562
1002887
1503857
127
193894
1363600
1256563
1154917
1492472
1091374
1407746
1250812
1379139
1576572
1019627
1392505
1334569
1022657
1419130
1032082
24491335#2_2.027090
154701
24491335#2_3.026249
1072677
152713
1490586
24491335#2_2.027949
1163174
24491335#2_1.028862
377833
495654
1019757
1505696
1260340
1403192
1516126
1031362
1031216
1513216
1228123
1284851
402160
1234428
1297260
1461627
609915
228316
1264505
1458976
1576460
1289111
1285388
1407439
313669
1090041
1404298
110750
1031669
114572
1193600
1203103
31931
1321361
1507240
1073571
213417
178373
1260700
1592657
1178959
1382332
164024
1327515
1295169
163954
1536158
1253305
1397987
1215221
1342203
1428225
226633
115439
1262426
1263496
112440
1179531
1076638
1372439
1483473
1579030
1101601
1077765
1436945
215992
1457852
1297668
1147238
1305140
1274477
1163576
217201
1241066
1476740
1030637
59609802_2.027503
420056
59609802_1.023346
239154
59609802_1.029643
194517
1208199
1568934
1332059
1216859
1113530
509034
1567729
1103709
123451
1539035
547220
1361717
194277
1528508
1278387
1103203
1175964
122625
1019925
1547554
1498326
10909
103395
1094107
176414
1241985
266682
220179
218245
1456896
1434435
1001684
1575637
1550647
145819
1272399
249733
1540019
1046313
1033282
1310979
1264027
1238529
209638
1321721
1538722
1496982
1208490
1480678
1553209
29550387#1_1.023764
1436825
29550387#1_1.024697
1423203
29550387#1_1.024981
1102013
29550387#1_1.022364
1402012
374825
259975
176740
1428856
112751
1227646
1326787
1469620
1219041
1025401
1255639
128420
255358
382314
137591
1173450
112850
1018562
317253
1455142
1292223
1064132
1264520
1318280
1505357
1423406
1112678
1335006
1490207
1320278
1026942
1043434
391781
29550387#1_2.028265
266755
148071
1313100
1401492
1194222
143654
1351184
1163637
1500104
1588085
126322
1585870
1527990
1543333
1531700
1252556
1477903
1125311
1411549
1235222
1485585
469412
1462660
1580581
319441
1329579
231395
159631
1021241
1031631
1336552
1015796
1081354
1324406
1227484
1023277
1536901
370172
274242
369304
1124504
1336167
1517196
1262369
1470259
1022749
1152816
1071717
1486281
1394099
1569242
1045890
33731
432241
1510490
1073319
1155226
11435
1304395
1516222
1330860
1014905
250470
100509
140969
238048
1560683
1338508
1200873
1484634
24491335#2_2.027155
1234675
1243115
1039285
286664
591144
1556162
1156882
131075
1104922
1288599
193365
57868214#1_1.021703
1417180
57868214#1_1.023828
1045899
1202224
1362378
1482725
1100196
1592722
1301175
177764
1043784
1479253
1275227
1198642
225439
1005672
1581257
1165478
1466676
313342
1168319
57868214#1_3.026129
1278517
1244665
140775
1193214
298500
1372309
1468362
1347877
1257723
1224815
59609802_1.029058
1252215
59609802_1.030574
1072820
1137684
158386
1549661
1104679
1279954
1268770
1217993
1256462
1087033
259352
1281990
1085408
122781
1494362
1399469
1393946
59609802_1.024967
106741
59609802_1.028545
146073
59609802_2.026766
1497269
198419
1534192
117763
1491486
1398862
1138036
1014428
1171015
1247289
1314829
1270964
1113862
1575830
444490
443872
1544793
1385654
22153
30559
364060
1231633
1552958
1426007
2054
1488655
1297825
264067
10049
1103055
1032100
57868214#1_1.027553
114533
57868214#1_1.030340
1227542
57868214#1_1.027482
1174999
12249
1224042
1209794
59609802_1.023889
1194142
59609802_1.025450
1436694
59609802_1.027490
1189333
59609802_1.022183
1546957
1273121
306870
300974
1176158
1452658
1373534
1442149
1267351
1190683
1395523
1545991
1135054
44272
1051729
1103393
1300610
1148452
1504176
1151140
1124942
1079531
1253229
1080544
1259118
1546272
1577155
1448382
1410028
1194439
1136395
1548123
1177728
1573373
1276156
1215972
1522487
1059840
1469665
338349
1399987
1390403
1276965
1388178
45695
1468734
1286805
1586186
1558911
1288690
1017458
306845
1487298
215239
1249630
1434449
1232020
59609802_1.026706
256044
59609802_1.027466
1099352
59609802_1.022967
1049832
59609802_1.025656
1558248
24491335#2_3.028206
1207250
429668
1126148
1162190
1288360
1472488
235589
1282902
1030000
1475863
1010496
1503384
1360392
1127993
1068423
113225
1504683
1418539
1207239
1459738
1539015
117281
110778
259843
101764
180532
112520
1480587
364062
120694
1113109
1203446
564029
1523688
1296190
142544
1277922
1226879
1492452
188731
1020545
1035252
1033331
1334532
1231362
1246879
441768
1253125
1116172
1511210
29550387#1_1.030186
1340267
29550387#1_1.029280
1424856
29550387#1_1.026008
1493521
14136
1131940
216808
1004557
121266
1341273
1049631
1399577
246239
1541431
1397164
1413839
1248450
1367858
1112228
1283110
1351511
129247
1402925
305954
1371531
1267121
280534
1109688
1167948
1074370
226871
375349
1391481
57868214#1_2.026936
1116989
57868214#1_3.027574
1558924
1549976
1044263
1305898
460149
1540609
1001692
1202874
1050413
1556408
1206451
1117915
1504560
1335440
1412873
1457511
344338
1103927
1590617
1460944
1066582
1117991
1372934
307752
1274802
1153926
1360053
1562169
1035200
1220213
59609802_2.025874
1199072
59609802_1.026286
1469251
59609802_1.028185
249580
1321884
1401125
1389395
1550161
107660
172454
1252456
1367559
1191034
22849
1306095
146195
1559169
1273668
1501424
1380616
1123711
1490161
1190733
396144
15202
123174
1331011
297164
1141006
1588446
1193241
1421114
1064980
1158575
24491335#2_1.028045
1471755
1324594
1169122
1450123
1056431
1322046
1293746
1292929
169132
309210
1099700
137384
249146
1030063
111286
1291939
1334796
1551337
1227644
1171078
1204229
1426343
1027119
1430507
1260079
167654
1168550
1571730
1002702
1059314
1461170
1507495
238453
266110
1126849
1162989
1165339
1244475
1147806
1033068
1034484
348481
1413073
418789
1047971
1523774
1419994
1061467
344296
1148436
272501
1465647
184676
331023
247907
1294153
1439728
1361145
222169
1142934
1336744
116374
1217636
297916
1573678
309179
1293065
355846
1269906
1209254
1076637
298549
1066657
1494158
1265155
1093330
128500
195913
1272491
465607
406484
1376809
1132025
1289465
1258941
128058
460596
1368794
1247240
1001165
1566698
133656
128700
1208695
162004
203385
1344479
382097
1156584
1472919
1134553
193029
1332670
1484184
212661
1145403
1320547
1265940
1383963
1253052
57868214#1_1.026128
1578131
1045106
1564498
1313379
22778
298984
1553399
1031230
1336773
1115209
261801
524206
1038317
225641
1057
135345
1314612
1353643
271016
59609802_1.024920
1522265
1347618
1095566
59609802_1.028131
1207292
59609802_1.023494
105193
1448411
1461502
353326
347067
1507452
1497820
1082066
1054358
1143084
1216799
272246
1108254
1020176
1285264
1429331
1536242
4496
115852
1515399
1557638
1270629
1091584
1220980
1098842
1039654
1431875
1563029
1132519
27709
350737
1581394
1201686
1361372
179242
245597
112581
19218
1310374
29908
1568947
1553004
254790
1254676
24491335#2_1.031306
1042201
1346166
1069684
24491335#2_1.027747
1118707
24491335#2_1.030921
353351
1280288
1379736
1326480
1533847
1386544
1042118
310948
1348311
220824
1139069
397668
1528607
1289211
1081287
412928
1178216
1461723
237641
1468283
1083411
204139
176154
1384611
19061
1253696
1313789
1197407
1135489
1110761
180521
238586
1481024
1476578
1077389
1306661
1289034
1486451
1269127
1509990
57868214#1_1.027111
1160741
1141875
1539273
115367
1547490
1253540
1398931
57868214#1_3.027218
1473476
1381249
1017605
1274510
1030769
1448216
1023169
1444365
1217293
253237
1566447
1539825
1286075
1233143
1085857
1107167
1343747
24491335#2_1.025298
1141153
183844
1368319
1291563
1007197
1205077
1150302
1575150
112130
1431053
349445
1318603
138568
156279
244518
1259579
1384907
1452420
1499055
1181379
218035
1428036
1288493
1275194
1396458
1412463
1229046
1119903
360067
1493197
1303079
1114910
1324480
153562
1031043
26087
1236401
1119187
1139935
160983
1115608
1067302
299560
241665
1537334
278664
1238866
1408203
57868214#1_3.027235
1250834
57868214#1_1.031741
1589967
1045215
1539302
296533
1506268
183476
142929
1499720
1451968
1158280
1271794
461400
1288836
1459340
181021
1515426
1070764
1247341
106931
1379540
1151528
1088604
112917
1335162
1234678
1167901
102737
1472309
119425
1555888
1412410
109536
29550387#1_1.025817
1391237
29550387#1_2.027477
1090587
29550387#1_1.029093
158057
29550387#1_1.026546
1316745
147871
1444647
1578009
1261485
269857
1244432
1418592
1077771
445632
1348293
1003668
1232345
1104194
1210195
1453696
1437351
192624
1539983
1067546
1015082
1200229
1107812
332791
1453963
149046
1435996
357520
59609802_1.026757
36287
59609802_1.030333
1530704
59609802_1.029260
1161574
176678
1292349
1571212
295832
1119966
1138272
1253547
1521385
245980
1310748
1178246
1050874
1009286
1475819
251902
1097583
1046891
1149594
1180014
1339322
1410116
126750
261256
279558
1199109
1469419
1228134
1502002
1108244
310124
29550387#1_1.029640
1449791
1376728
1149347
1562316
1339499
1264439
1339698
1251642
1131881
1301816
1324682
1585881
1302031
1123638
1167904
223116
1159180
59609802_1.029677
1369873
1086486
1394136
59609802_1.028961
1355748
59609802_1.025743
1073825
1202990
1397016
1437888
1489205
1084580
1067508
101833
23620
1035083
1116931
1171977
1176995
1492746
37445
1263427
1372977
1192216
1308410
1297921
1340487
1168876
1099630
1208914
1251390
1121194
29550387#1_1.026971
1361222
59609802_1.022769
1189069
59609802_2.025866
1065298
59609802_1.025851
1208076
59609802_1.030194
1058821
59609802_1.024949
1292610
59609802_1.027175
12275
1224342
1534298
1508486
1331339
1523833
219636
29550387#1_1.025812
1032045
29550387#1_1.028987
115739
29550387#1_2.027815
176817
1049866
407555
1053842
1479008
165141
1182096
1238975
1279644
1297150
1107690
57868214#1_1.030672
147161
1262360
390841
57868214#1_3.025711
1349473
112782
1519062
1577356
1447630
1003244
1278781
1313005
1113567
196986
1243051
1244506
125368
1065707
1102414
1180382
396171
176571
171461
1320666
29550387#1_1.030092
1263317
29550387#1_1.026027
119594
1505830
1159002
1434071
1237126
164583
1557059
1025258
1251500
59609802_1.032041
1354077
59609802_2.027209
1279473
1277125
244904
1069316
1118059
1242953
1083589
1030428
1306543
1192077
1384335
1404301
156901
1241087
1226627
1540445
279267
1299016
150340
1151906
1381988
1164484
1080098
192682
1231556
1477686
271100
1294588
1536560
1112180
112615
300115
254946
1380245
117623
1294314
1023000
1500694
1124183
328376
1265705
131761
24491335#2_1.026781
138325
1035701
1520586
1142871
1099048
1227994
133611
57868214#1_2.026083
1007438
57868214#1_3.027264
1051041
270898
1395199
59609802_1.025372
1132171
1438016
1464545
1132344
1171384
1247910
1512698
1164332
1532676
287271
1122569
1240324
1464705
1047891
302840
1142538
42953
148102
165280
1427896
1083778
184412
107748
1429276
1438671
1431106
38941
1177740
1344408
292690
57868214#1_2.027787
1381684
57868214#1_1.031418
1045915
1129391
1045070
1589813
1332793
24491335#2_2.028177
195286
339870
1383995
163638
1095705
231949
1075157
1064348
101312
1079961
138828
1067767
1586367
1024586
1099987
1039450
1569056
432869
1439684
1574548
1376422
57868214#1_2.027178
1145519
1024329
1002689
57868214#1_3.027957
128940
1426805
1152959
1486710
1113680
1288296
1402483
1364760
1391059
1184362
16214
1010787
1480719
279376
1099195
135600
24487
1249802
145627
1464130
1580886
1098527
1418027
1259829
1086002
1251359
1227531
29550387#1_1.029178
1215169
29550387#1_1.027678
1004140
290009
1111186
236182
1136148
1027211
1386819
484115
170459
1512512
1524322
1413892
1153647
1248604
129318
1154733
1055298
1322599
1275957
1370032
1292549
1401666
136713
1165394
133504
1374919
1031784
1192535
1379290
498344
1138437
29550387#1_1.026624
204342
1151448
1496885
1406166
1190152
1293887
1096779
214878
1511342
1389509
1236833
464944
1161454
1392738
1467547
1201298
1493840
1372237
1345991
1085683
25016
1232185
1584005
1059168
1563501
1178687
1085687
281974
1142356
1335894
1116797
1149869
1156925
1267898
1388155
1070990
140152
385150
1290976
407562
1200584
1393816
1591180
1427474
1113607
1093030
133253
2168
1053121
1313295
1265844
1344284
1108521
1092002
29550387#1_1.024723
27750
29550387#1_1.023999
1074414
1366499
1397224
1269868
1290057
1402166
1464605
1109655
57868214#1_1.027586
1371008
294154
1099715
1186979
1145974
1109256
1135119
1220267
1226802
1420522
1178300
1030665
1363391
1032084
1301950
1050664
1078589
37350
2842
1508176
1501165
24491335#2_1.029539
1367144
1491984
1050851
524868
36832
171282
1445313
1456576
207149
1379348
1331972
103003
1295335
23434
1450801
1501383
1484550
1230654
1151022
1219834
256154
1238720
107222
1307312
370482
1378986
1233361
1430784
200744
1539820
200676
1561439
1190597
1260882
134861
1309002
1395858
1109209
1267372
1056822
384604
1106980
1488118
1543479
1051179
1153713
1231152
1396838
1259941
1166441
290082
496868
1417454
200644
12131
136765
1583787
368496
116890
131622
1435508
24491335#2_1.031486
1212857
1328589
1041523
1163326
242134
1544207
1205877
353887
1026915
303584
59609802_2.025797
1344993
1142062
20397
1038802
1578293
1591447
30234
1459908
1068509
1485399
1115651
29550387#1_1.022807
11953
1273711
1366939
1226731
143668
1213970
380769
131717
162175
362645
1056100
1495036
1496109
24491335#2_1.027209
399775
1092099
1097979
1549087
1155283
1519888
1108881
1214018
364678
1560358
1183643
119380
149162
1187650
1248444
1230242
1252897
172629
1433005
255099
1473617
1076027
1280404
191744
1375368
20822
1425194
1172674
130744
1274697
1133611
1139351
1246323
1108995
1110842
1255949
175432
1197016
1566660
1097868
1577644
24491335#2_1.021834
505851
24491335#2_1.022967
1505618
1131603
1066368
1565805
185626
1365125
1122658
1460860
1057837
276482
1705
171502
1202087
153757
1115583
139216
1167501
196981
1321179
1055802
1468118
1012556
1184322
1036285
1496965
1499554
1391014
1590623
1018433
1256877
221049
1328637
1547756
376982
1521324
1304190
1578938
1199668
330504
1079422
1584880
1517454
1233414
1578444
1226726
1094807
1190397
1498439
1510376
1182683
59609802_1.029267
1193936
59609802_1.031245
1118882
1417935
293463
1397627
1394600
1156793
155076
1271515
1074530
440665
1087837
1186096
1388183
1300876
1149964
1453072
1470691
1524221
1198263
1449643
146031
1564821
1266193
1191372
1368694
1127882
1254748
106483
1066028
1592743
1302990
1529882
140228
252447
1073698
1377246
1394838
1138695
1156773
1452910
1139293
1174906
1409578
203958
1053888
1110487
1191393
1386444
1205956
298956
1385106
1063734
1164273
1016538
1441184
29550387#1_1.029721
1571169
1158525
1533266
231022
241809
59609802_1.027750
1006377
59609802_2.027234
1025107
59609802_2.026606
1472450
1493831
1033654
29550387#1_1.031984
423157
29550387#1_2.027089
1289279
29550387#1_1.030188
110864
419641
1215317
1091512
100177
164402
149049
1468798
1128364
320226
236582
1430319
1001742
350586
1358173
1206550
24491335#2_2.026210
153380
1316797
173426
1318929
1471789
213944
1513459
1486234
1488230
551830
1173940
1373571
1050360
1452796
1010413
1254527
1143315
1438079
1066080
1545781
126341
1286071
1415633
1312401
159038
198336
1400969
1134779
1415449
1350489
123037
1058838
25263
1344983
1201007
1124727
1404219
1116749
1308272
1466582
1493318
1088697
246264
1357929
1520820
1293233
1305360
1061146
1571105
1010449
205267
1442468
1033230
1113498
1087284
1496165
1372576
1241794
1052697
148177
1266823
1101273
272368
1449387
1456413
1467674
1558554
167223
1582994
1554473
57868214#1_1.029904
184007
1208495
1247532
110174
59609802_1.025232
274924
1488090
1543844
59609802_1.023531
1486316
1247769
1019718
1131791
219764
1096642
142670
20450
10378
1408222
1217930
250546
1402052
1335363
1189223
1456066
1379834
381781
199182
1437382
1407881
1367822
1070972
215970
1186973
1428415
1015567
1279751
1300496
1517773
1464138
1269006
287033
1093905
1252725
613439
1185741
1260880
1020586
1376755
1037442
238312
1253087
135914
1352156
1539858
1111598
109470
205597
1428251
1276528
1357678
145978
1534094
1200574
109422
1021111
106206
1131755
1555634
1354500
1090382
1467210
1308521
1473614
1089980
1466400
1139270
1002002
228731
2197
1239899
1442127
1567427
1186683
1133362
1052839
1539286
103053
1025395
339460
1008289
1545413
1221585
220878
129616
1310165
1153192
147206
1196841
59609802_2.027396
1134987
59609802_1.028493
1063583
131766
1039224
1088194
1240503
1194090
1126773
1126839
333016
1138629
1202592
1519361
136503
1225171
1233914
1250275
1035597
1038791
363424
446141
1570840
118392
1092927
460330
1407761
1239549
106294
1002170
1583781
1282038
335081
1479624
29550387#1_1.022345
1375217
29550387#1_2.026882
1347153
29550387#1_1.024178
33511
29550387#1_1.023738
1275445
309500
213953
1301901
1313198
1371018
138235
1095828
1309147
165274
130759
1239865
189805
1331810
1297841
103924
1441679
1515384
1021014
1157936
1098659
1458072
1213385
1288128
1252031
165879
1299429
352722
1247968
1015984
42473
570730
1313212
1128367
1098110
1244526
1486044
1272404
1081843
1470180
1112599
1090283
1499969
1414114
306790
1029751
1560901
1438896
1116868
1030563
1430175
1167291
1222626
222577
57868214#1_1.028062
1147349
57868214#1_1.030401
39520
1187741
1020101
274999
242879
1013918
144518
1181860
1312428
1130242
356813
1318586
1259626
1575020
16408
115212
1374528
34440
1239667
1561109
1321143
1049577
1161860
1012640
1305597
1361696
1262891
1173138
1389387
1014391
1040561
161827
1020921
1458742
278193
1147043
1198729
1087846
110257
1193763
1408259
1205480
1057960
1587543
1001661
231860
1296748
1541822
1439793
1257162
1470325
104658
1134339
205657
1022650
1438056
1138202
1491308
1178660
1233611
1311847
128144
1283974
1321239
371745
139271
1427912
1521474
1428391
37240
1443273
1047725
1342489
1176409
1536437
103965
1130704
1435971
1459410
101642
1314068
1418839
1354577
1121793
1241502
22988
1097291
177289
438300
1417366
1100960
1308466
1379521
1334835
1572569
1492352
1294565
202417
1031549
1075311
1126444
127949
1353548
241756
1010517
1581066
1265468
1160638
190370
1427147
1279876
1230105
1537122
24491335#2_1.026407
1358428
1153905
341841
1327996
1119258
1012223
139305
29550387#1_2.027034
163898
29550387#1_1.027850
1576724
1370621
195680
1523572
1306392
104712
1496677
1263106
1223941
1127101
1224176
1528999
1242039
1150651
301189
1155015
1582481
1465672
472524
1290154
105488
1388411
428997
1206863
130261
225740
1504180
1169791
24491335#2_1.022311
1142329
438466
275620
1222369
1461873
1087987
1455896
117312
1308837
328423
174005
1480156
1542116
1260042
1470696
1506057
1565101
1203404
1042037
1536315
1540872
210732
1059512
1352008
1101684
1449015
1267582
13555
29550387#1_2.026695
124993
29550387#1_1.030599
1225836
29550387#1_2.025798
119599
1113296
29434
1259079
1070541
1169060
259372
1107410
1503930
236224
340032
292214
183297
273400
163532
1344760
131627
29170
1167906
1466989
57868214#1_3.026240
1043905
57868214#1_1.029678
1418928
1591094
1229492
57868214#1_3.026874
1135993
1256187
1175534
57868214#1_1.026145
1250559
1514623
1180311
1393916
1396524
1377627
1253767
1033046
1198138
1460525
209451
213490
1412093
1351070
1437041
1187120
428252
24491335#2_1.023619
154225
1485476
171195
276051
1236755
1282086
1215843
1462179
318027
1114528
38848
451258
1297502
59609802_1.029562
396030
59609802_1.027687
1257468
59609802_2.027238
1114147
1526469
1247955
59609802_1.029068
1342244
1442408
1127981
29550387#1_2.026862
201112
29550387#1_1.022347
443296
29550387#1_2.027307
1114264
29550387#1_1.025617
423400
29550387#1_2.027843
147568
29550387#1_2.027625
1394025
1554265
1478343
1116162
1078229
1315608
244051
127621
1461587
1500549
1098959
1145418
1051826
106386
1520054
1009818
57868214#1_2.027783
1278552
1143979
1180561
1363006
354406
290882
1264262
1174777
1580128
1186090
1241320
314524
1525740
120853
1051522
59609802_1.027481
387485
59609802_1.028808
1100598
1171867
265780
11152
295452
1444452
1409887
118372
1350963
249466
1419787
1163543
1128032
1458967
1492147
1212279
1082611
1158765
146357
1011740
1081585
1418144
1505055
1308677
139242
1248684
201447
1124830
1417498
1295352
1047650
1087783
1407118
1051707
1396584
367442
1164466
1415851
1249536
1168017
1061683
1065628
1259230
1282567
191203
1118525
1287519
1179318
1456089
1314735
1438837
1465029
175073
1495633
1274381
18967
1303466
1376625
1267892
1473922
1403764
106322
1362048
1437463
1150486
1099531
1420261
1353951
1495607
1442182
1142643
263640
1282034
354177
1330725
1502911
1294394
1274601
1436781
1425158
1566222
302874
1183649
1330349
1353199
1205443
323065
1063487
1137927
187171
1424558
353033
1215674
1387563
1463050
1329731
1215975
1369327
1485339
151043
1346915
1068594
1231392
1486693
445918
1249860
1493106
1438302
1366641
1176021
1581370
1529641
332679
1545067
1349631
1356587
1474458
1492196
1242
184768
1094309
1095589
1377261
29550387#1_2.028112
399539
29550387#1_2.026998
1317701
29550387#1_1.027393
279917
57868214#1_3.026697
1297221
168759
1443360
1366966
1356050
1064324
15526
1413309
1450184
1517860
272717
1139455
130568
1202697
1246380
121938
277838
315827
269808
1292258
268823
1211066
1427655
146122
1437495
1066883
1274575
1383847
59609802_1.025769
188755
59609802_1.026946
201250
59609802_1.025418
1067444
59609802_1.022984
1013034
59609802_1.025507
1095191
1321082
1032428
1459017
1014950
1451778
1082196
1582724
1101490
240900
1070256
310944
1340484
150990
13207
196231
57868214#1_2.027930
158261
1323305
1160222
198292
148432
1382726
1309114
1505967
1010186
126839
138005
1118624
1528974
1258297
1150556
137188
153534
1419750
346573
1170162
1215011
1017076
1444812
186938
353502
210160
402452
1432583
313131
1176611
181066
1504994
1246705
1108016
1125098
1307864
1466998
272064
1055740
301600
1036721
1014065
1221689
1379272
1213906
102576
1384721
1282995
239987
22505
1193133
442650
1218411
1194210
249632
38130
358692
258798
1354875
1329982
1511578
1081788
1316407
1246195
57868214#1_1.021787
1502289
57868214#1_3.026459
1461485
57868214#1_1.022366
1215984
57868214#1_2.026569
1402831
1196417
1317830
1098116
1147656
1482692
1482603
1350037
1420011
1119291
1134658
142385
182617
1314640
1408133
262108
177869
132219
1066948
254809
130551
11615
128875
1334828
1106320
1069502
1143232
1296686
1065090
1369573
170455
1273500
1505634
281960
1462814
195126
162910
107207
1272052
1264551
167522
1405580
557684
1364600
1278457
383214
1172594
1479377
1589361
1104002
1267239
1127972
1452149
106091
1187679
59609802_1.025633
1176258
59609802_2.028247
211963
59609802_1.027536
1279725
59609802_2.026187
1191201
59609802_1.028822
1243276
59609802_1.027618
1261250
1456205
1352295
1031674
1246304
265081
507838
1322212
1462472
1115470
1479044
1232240
1219305
1494396
201119
1119958
1429588
27426
57868214#1_3.027330
1070012
30911
1463750
1510777
362785
1175494
1530632
1494941
1126604
1483779
1366377
10172
1343114
1174815
1530889
172970
1330994
1201639
1058235
127048
1008825
1468261
41514
1004138
105791
1152346
1047642
261693
1388073
199439
225010
1574693
1514249
1160800
113894
1428219
1258743
1447452
1459270
1318199
1220914
497388
1260945
1465999
1456161
1351631
19856
1115440
219985
1005719
1262946
1347163
1313504
147365
1094801
179330
1434562
1175050
1587758
1184063
1016434
1287416
1204621
1535279
1366933
1243105
1034018
1046692
1196150
1262374
185742
1591978
1065780
59609802_1.029311
220334
59609802_2.027471
1592855
59609802_2.026719
1248256
1491519
1575926
59609802_2.025721
1200871
1277704
1104737
1362287
254706
1403913
1192511
419899
1126242
1524247
1511137
276638
1514208
278243
1396526
225467
1056149
1158237
1120913
1342225
1429643
146931
1062889
1064929
1493619
1241287
1337388
226098
1012351
484588
1409064
231331
1376855
1223604
1282617
1003200
388977
1010014
21454
169213
1436427
1476492
161563
1201588
575532
1220594
1449622
1421652
1141810
1182075
1363906
1276979
1491348
1065524
201604
1104702
1113
1415816
329870
1430432
1522013
1413885
1128095
1396918
293207
1314492
124275
1320670
1378868
1333692
1531832
1269347
1044499
1132904
1533413
1217042
1354900
132997
1148159
1503993
57868214#1_3.025991
1284023
1221735
416976
232933
247376
57868214#1_3.027671
298921
1092941
1256072
1520637
1010784
1313632
1009349
1088387
1499883
191946
1354700
1585507
1015472
1202759
1284000
1474752
1175425
32228
1266202
1434211
1144817
266285
302574
1246914
1041834
1341658
1019855
24491335#2_1.025192
216752
1262767
1224955
1041673
232872
1346765
1440991
57868214#1_1.030086
1364913
57868214#1_3.027946
155879
1183314
1403474
1061327
319978
1182442
1458457
1579393
1260359
1015241
1286310
1045497
1417536
248942
1552968
1490798
492239
385012
1418552
1269845
1235847
1396331
1378570
1508492
302288
1476520
1521611
1017186
1177029
1326272
1451889
101123
1286012
1048025
1167318
1518006
1382360
1267282
1405820
1281544
304218
1495824
1271212
1256021
553527
1485518
1041079
1365259
1229293
1265125
1016650
248038
1559997
412940
1130782
1465324
1512272
1439289
1256974
1338226
174932
1351409
1483429
1274912
214227
1128395
1040327
1542943
111710
1069431
1197614
1023333
236380
1166178
117975
1150343
1264617
1551360
1359296
328854
1257400
1494370
1143106
1403148
1518146
100803
645332
1429241
1589603
173764
332929
172660
1526979
422267
1099082
1008822
1428159
1045064
51196
1309603
1336804
1261812
1125461
343810
194841
1301723
1158761
136651
1434744
1195760
573170
1194488
1353005
195445
1556620
123088
1473872
195324
1017695
1327326
1102593
1034074
1086911
1250061
1040907
103147
135350
1028540
33371
1257050
1154967
339523
1170790
106660
1429182
314262
1096454
1617
1331734
227985
1006807
1398179
1373715
172714
1190839
191597
1420101
1001813
2175
1408211
1447074
1065264
1275891
213024
1020288
1171775
151558
1079732
1491361
178918
1088786
1317453
1288562
1426504
1304247
1515090
1355159
29550387#1_1.027993
1026665
29550387#1_1.024726
1036002
1265984
1375330
188269
1542975
1415722
13360
1031355
232269
1489985
1024575
257038
1324543
1035965
1445067
1242514
1368356
1357935
183017
1161195
1270216
1297828
136592
1198572
1169292
1236933
1092519
1231519
246436
307062
1463592
1377560
298479
1556885
24491335#2_1.030197
1286864
1550333
1152645
24491335#2_1.027047
1560544
24491335#2_3.027531
1238033
1009306
156510
1497473
1090002
29550387#1_1.030999
1364822
29550387#1_1.031239
1061713
29550387#1_1.027210
201986
1296881
1527271
1379789
1294629
103428
172299
37871
1150620
1430991
176685
1241697
1355240
1015614
1589770
1207407
1206288
1413925
1067529
132486
1545359
1374361
174786
59609802_1.026570
298041
59609802_2.028327
103444
1527961
1425950
112880
46893
1314142
350555
1399022
265445
1127245
1180905
1077866
1236910
1467256
1448983
1032095
1185150
447153
252035
297109
301024
30353
1220629
1283384
1171071
1199085
165903
1492323
1550551
1283610
1416358
229190
1281244
1580375
1003097
1163357
1158947
1404179
102955
1478523
1579074
1338498
1097930
1223321
17898
175655
1307745
1036475
1513377
1098897
1294583
106750
1200116
408590
1178745
1539136
1507821
1517436
1184373
1066528
1433407
1028156
1275066
138188
136688
1485538
154952
1532061
1305083
1356701
140052
1050545
1378400
1453758
1173320
1483856
134974
1530681
1466887
1310633
213811
1489521
1557394
206646
172450
127537
105140
57868214#1_3.027464
268211
57868214#1_1.030280
1518200
1167837
1494775
1242505
1437864
144029
1178531
1057064
256340
1143962
117262
1465201
1203875
1257904
1432908
1483219
1160738
1463299
1566314
1455827
1455628
1411278
1070725
1166459
1079693
319281
1465558
335337
1346580
1454144
1099046
1203964
1024839
1460657
199760
59609802_2.027954
27485
1259487
331296
215734
1545538
292774
112294
1170350
1027395
437353
1489370
1289581
1229575
1468368
1206913
1392351
1564603
1063392
1387046
1573479
1228717
1278934
1335463
350574
1066979
1221971
1454696
13275
1219031
1481438
1124106
1427822
1371732
1061944
1355679
1184369
338806
1401063
1016483
1332411
1456479
238563
1386228
1228179
1133773
324029
1030072
1070282
183218
114469
1168885
1076503
1352209
107496
157722
102929
1555996
1261136
1063497
1589878
1362021
360681
1114028
125696
1447272
1352495
1393861
1129799
1282469
1176098
1585958
183760
1566377
1201069
1264214
1574852
1271675
1122949
1400192
1124008
347475
1389121
1180648
1065355
1272961
1323738
1050391
1421752
1512896
29550387#1_1.027292
163327
29550387#1_1.026711
113861
29550387#1_1.029650
1104306
1076206
102922
1547424
1589239
1214874
1360955
309030
1290436
1340595
1265979
1501186
35261
1328897
1406104
1584370
331528
1511092
191817
1348035
1141721
212319
1040080
1389141
139245
593118
1249769
1243295
1273508
1006128
289404
1547278
1292994
16241
1096501
1369010
1506230
123518
150056
1106430
106436
1548996
180232
1175413
1509504
549472
1246349
1405118
132109
225276
59609802_1.024040
316969
1173244
1083267
1123157
1194586
1160546
385848
1313663
357844
1239084
1166802
1386581
1075694
1587859
1564240
1416237
1282985
155921
1550825
59609802_1.027670
1068327
59609802_1.030611
1239523
1476792
1356967
1378111
1483954
1553651
1206722
111586
1029705
172038
1021089
1255096
1064706
101476
1411613
1015968
1043166
134443
1192758
1085326
1117309
1197277
1378814
1024280
1423907
1349943
24491335#2_3.026751
1137913
1152456
123780
495921
1165190
1028550
1258873
1235522
1252728
1139243
1265679
1364646
1494119
1044805
1230140
1437980
117039
1237321
1281508
1424584
1232841
1144455
59609802_1.026109
1239562
59609802_1.029151
10269
59609802_1.021613
1166905
1515681
160220
1381297
1170760
1375718
1086936
236992
1503774
1450725
1250551
1423758
1565982
112566
212013
1342833
238073
1410766
1347875
1251421
1153263
1305048
1080568
1171017
1416488
1573466
1345998
175742
396210
1063841
1289479
185120
126410
1455512
1283191
100583
1082173
1074611
1221854
1063169
644588
486652
1534381
199533
1303068
1467622
1162770
1543412
1380487
1248229
104152
1062403
115675
1198229
366122
1046734
371291
103717
1197958
1078078
14900
1126827
1392842
1485539
1367770
1179389
1214181
1479418
1460354
1216200
1197425
1492543
1141622
29550387#1_1.022299
1391721
362501
296385
1544679
1395977
223854
1109663
115209
1510554
1005192
1139055
1093050
1116737
1132168
1497281
506894
1253997
1402384
117782
1206244
1093571
12225
175651
1187288
1090939
1500635
1174209
1283582
1028777
1185642
1277641
1289124
338381
1237210
1427094
1460784
1565921
159193
1426179
1428550
1120823
1545450
57868214#1_3.026981
1406394
1477799
1288648
57868214#1_1.026685
200028
1526597
1251402
184183
1470436
167948
1329236
205198
1186091
1429763
1382720
1077914
1191006
107776
1460848
1109686
1175145
1007794
1557149
1590176
1337535
318043
1378595
1306486
1038545
1205739
1373584
131554
1355761
207744
1293749
1087146
168945
59609802_1.030577
1534306
59609802_2.026081
1256455
59609802_1.028873
462245
59609802_2.027003
162640
18274
1552565
1087996
1474286
1519855
178819
57868214#1_1.026478
1536261
57868214#1_2.026927
1012919
1079390
1533961
170753
1253462
1395492
1210745
1439354
179188
1338590
289952
1234322
1135136
146048
1034579
1215818
1236927
1415099
1038772
1311015
1118182
1476147
1368145
1001581
11571
1031048
157564
1458041
441096
295033
1461505
1041442
1131959
1188084
253516
1243654
1039465
1077117
270729
1178716
1359518
161903
177989
1038178
213173
182804
306598
1390318
179246
1273014
181069
1486021
354296
1524268
1384826
1180569
1100774
1444468
1510848
30331
117104
1225541
266885
1320608
1328674
1528304
356600
315412
105837
1260168
1506668
1481882
208152
304775
352232
29550387#1_1.029453
1006300
29550387#1_1.026526
1326240
1489339
162735
1153297
216512
335732
272405
121138
1235238
1342209
1194126
1389871
1584556
1106132
1110860
467059
129915
1020512
1485180
1430597
24491335#2_2.025812
20482
59609802_1.023072
161917
59609802_1.023216
184813
59609802_1.028554
1108637
59609802_2.026575
1494380
59609802_2.025885
1444504
12517
1015853
177729
1330419
1030950
219273
1488391
1475964
236912
1562269
1131830
1042628
1269931
216670
1588904
1004745
1436752
285145
1409115
1153259
1326362
23425
1070791
1441035
1402
1012207
154569
1264186
1274830
1188170
1068661
1065530
1544864
1358974
1413620
1403687
1059411
1379363
1311166
1216863
204937
1420664
150857
1359410
160108
1080585
1216866
1207689
1391255
1117559
1119867
23947
1511856
1307718
29550387#1_1.021783
1071916
29550387#1_1.030318
14616
29550387#1_1.025677
1336807
29550387#1_2.026475
1187815
1562143
1158833
1437952
228130
207317
1411401
1025536
1156683
1327786
170498
111942
1192451
1196112
1211129
1189112
1528477
1498640
1540551
193076
1448792
16255
1473509
123898
242377
357601
254390
1275434
1139100
1124538
1249210
1559483
1505159
1456871
1285072
1310784
1086841
1030593
1089604
1283669
1517048
1239050
1348313
1222332
243943
181801
1157164
57868214#1_1.022714
1128126
1517647
1231054
1178597
374194
1347794
1225941
1184884
1102700
1223071
212855
1064244
1434234
142882
297119
216710
1321332
1100902
1186496
1560411
1388682
1497573
1104405
1532822
1352034
57868214#1_1.025705
1248384
1152380
14675
29550387#1_1.026130
1583701
125246
1310901
1017762
1412671
192810
23170
1298771
366366
174505
1440066
1054091
1356673
1030940
156982
1224447
1216810
1238948
24491335#2_1.027695
1163591
24491335#2_2.026802
1432632
114120
1306747
1237847
1491743
147179
318030
1155321
1343681
1113880
1328643
1314395
1216993
1447034
1309764
57868214#1_1.029780
131228
1497815
1010969
1434626
1537567
1404707
1035531
1257438
1172551
1328628
1211933
1265160
196479
1050750
1123802
1019400
1166552
1297184
1450690
1518435
148129
1213194
1260533
1229740
1567436
1224430
1238102
169169
101137
351016
1481563
1187339
1098079
1478572
1524109
1274853
1113603
140290
360428
1364157
1503833
1242356
1348222
164124
178634
1436962
199916
1081596
344869
1204421
1423006
1357213
1071089
209951
1563227
348698
220108
1449672
1013216
1426080
23545
1363082
1313493
153268
1348282
1551495
24491335#2_1.022964
1176509
1541675
123277
1379246
369918
336319
1326773
1175268
191308
26682
127081
1485013
29550387#1_2.027473
1329396
29550387#1_1.028642
1360748
1205008
1011732
1030887
1116232
1195968
1084013
1338176
1254169
138079
333480
1316550
227280
1532949
103486
1015989
179909
1413578
1414682
1366328
1162303
1035143
117253
1128467
153008
1085513
1122655
24491335#2_1.027664
530583
1387155
1385960
1436450
1474955
133202
1220170
244293
1286588
344412
1569287
30512
1261886
1404929
222865
1499544
159185
1170800
1574709
1298547
1113638
1214953
1322274
179825
180432
1125888
1451932
325
199417
1494289
1012791
1404476
1367487
501947
238506
1163034
145060
1556325
1523333
1015875
59609802_1.023296
1083810
59609802_1.026663
1462514
59609802_1.029282
1342346
1341149
1419227
137981
1017666
1345771
1304097
1290176
1070900
382325
147780
1537872
1436600
1183233
1260121
1306104
185617
1112802
1032208
1374203
158547
1027342
233797
1402553
321136
1182005
210463
422567
1421820
1145285
1504983
1185937
1148376
1009849
1032991
1188982
100219
1566981
1049907
256954
318037
1044064
1018697
1054240
1101822
117489
1454051
1375971
504807
1213901
57868214#1_3.026978
204386
346448
147018
57868214#1_1.031101
1240340
1172655
1234339
1284925
1339162
1451503
1488618
1314905
1018353
1270547
1532495
1118041
1189265
1052935
1264888
1098903
1034928
1043951
169840
346767
104028
1512544
1180408
1544242
25002
1477031
1412750
373050
1582576
350884
1064557
297768
1147280
24491335#2_2.027988
1548315
24491335#2_3.026296
1190767
1463958
1235134
137131
118706
1242501
1505956
1077022
1128859
1397971
1507882
1518213
1243095
1248403
258935
1153755
109082
1031602
1222277
1150563
1428518
1324175
1025276
1456313
1325131
177490
1024161
346751
1482137
1485189
1425263
1203014
1126585
107841
1194105
1056810
1547696
1072661
336154
1527347
215031
1495682
164030
271692
370936
1000053
113393
59609802_1.030619
1080803
59609802_1.028724
1002253
59609802_1.030160
1028029
59609802_1.026009
246929
59609802_2.027987
1453526
59609802_1.028478
1388143
1277575
119357
1025099
24364
1479303
1393100
1351313
1045645
1421914
1261033
471503
1570432
1078047
1208651
1482181
1052606
1440660
1256920
1092107
1352122
1173586
1071872
1197803
1541039
202964
171179
1258911
1038449
1482439
1206033
1196237
1276139
1130585
1108646
1397360
1189692
1345646
205684
1444370
1033836
307836
1302165
1396509
166350
1099311
1171474
1473551
1412993
1433106
1046225
1522891
1017828
210147
1418338
1060150
1085910
1247039
1258730
1398727
1216356
1158983
1014354
1395214
1263152
1415922
1463089
113508
1486413
15775
1583988
1491454
57868214#1_2.027600
17820
1136280
166968
42377
1413903
1500688
1158646
1163365
1017046
1205842
1229214
330232
1315859
1494694
1013869
197578
192227
1429271
1425764
1498137
1432087
1517624
1375188
100064
1329308
1179064
1552222
1155761
1159639
401604
1045631
1212370
1025039
1266078
427194
1132551
323864
1190174
1294339
108953
1470808
1000602
41205
1338023
1456238
1085736
1544670
1468180
1518986
1435169
1266473
1340516
1129398
100899
276851
1448636
1106935
1417807
132653
201858
125662
1046106
1042226
269477
125532
255596
1205715
1052999
1409564
1072887
1581232
1060611
1572491
1319943
1456919
1153917
1174517
1253502
298535
1277356
305568
1315113
13647
1219264
112405
1057670
1229633
1542230
1376075
1456540
1018368
1308757
1591650
1482313
1508155
1387975
1068347
1334259
344900
1586230
29550387#1_1.030399
1212030
1197956
1548110
509635
1475401
1069972
1530235
1201819
1554781
466057
1142140
613341
1569492
1452463
1422397
1460211
322581
1148742
1279894
1326071
165473
1067249
1464123
1196457
1040342
1153103
1432555
1314129
1206809
304390
363747
1286821
1108644
411528
1294727
1553922
1143203
1011070
1275587
1057410
1401686
258247
1243636
1524409
252844
1432144
1020681
1154101
1429950
344944
300362
1488986
1071182
271509
1068156
28053
1561391
1243592
1298588
24491335#2_1.027554
1040888
1322346
259124
1115615
1559653
1115604
1398075
256193
227400
337980
11652
1515988
1324057
1234247
1071135
1166924
1371749
126002
13580
1437472
1346288
1364630
1421715
314668
1246733
1300268
1248142
1202968
1177899
1267540
59609802_1.022901
320437
220269
1367393
1027151
1031098
59609802_1.028770
1216457
1427945
1530387
265677
1349830
1294673
1376560
1187307
130736
1146277
1306013
1215251
1269198
1269920
1517148
1165265
286558
1307860
231156
57868214#1_1.023736
1134643
1368108
1240586
153952
1008396
1305701
1481981
24491335#2_1.025287
1032417
173397
1434725
1053594
1347452
1360165
1032502
1217090
152150
1155867
1339351
1383645
1398421
1080665
1376960
1272740
1024614
1548895
1342618
1424581
1022432
1548232
142536
137855
1048895
223488
1262126
1405447
1411150
1179470
1367387
1049031
1568759
189602
248902
1430267
1075805
1091865
164644
183872
1389111
1088730
415144
28566
117778
12615
206636
1588335
1165366
1310466
1467227
1023954
1075957
1378907
1326587
1183227
1321321
307975
1174206
1509115
1011210
1496736
1099359
1210804
1148310
127018
132576
35165
238830
1241506
1330085
152929
1384974
1342048
1153016
1186699
1441756
1237731
1298655
274527
306260
1111132
1388002
1229866
1288175
1034940
1299258
110822
1127360
1238706
142173
1497604
352664
1420156
1181958
1177085
1585307
1166703
11909
1207797
127654
1535158
1484598
1308717
424755
1080524
1115711
1463497
37063
1252817
1182573
132212
1081332
1352467
1303009
1067969
1233643
283441
1189584
1165528
113162
1483554
1435824
25030
1007735
1492327
1419020
1276076
1013642
1279836
1369217
188678
1062035
1411373
233913
1478916
29550387#1_2.026847
1316612
1112338
1005450
1205879
1421094
1414532
1076122
1445052
1493080
1056228
115532
1332934
1556750
1082981
1426046
1403206
1574676
1421664
1123401
424238
181287
1060401
252235
129978
1476609
1120686
1009124
206665
1091841
59609802_1.029070
1168831
59609802_1.032287
1462571
1106883
208462
55397
230935
1070413
1581081
1231166
1009591
177862
271457
1055314
125457
1010858
192887
1161446
1192653
1133205
1202121
1296
176919
1258214
1538487
1145616
214379
1055700
1120690
1198664
21192
1571240
115224
1011497
1379863
1238246
153983
102324
1345380
1545527
242681
1287594
130498
224553
1490514
1169687
1155910
1310278
1035642
1466757
1201358
1196063
1324127
1348323
1179218
138253
1499467
1476960
136319
120862
1459392
1020411
1130931
1154328
24491335#2_1.027726
1504545
24491335#2_1.027205
1565558
1399317
159801
1297864
101960
1179242
1592601
1463094
1291410
217401
1308342
1283334
160821
266921
1264626
1321261
239164
185620
384841
1141772
1192690
1096530
38623
1049999
1474126
1303917
24491335#2_1.028124
1246710
1256317
136519
209920
1019307
1098044
1273169
1005015
1578356
405022
1171456
1163802
1270579
1558454
1116453
150207
1169133
57868214#1_3.027281
1136510
57868214#1_1.028955
1182571
1089186
1382989
512527
13973
1191164
1256667
1040203
1370411
1161728
366777
1446281
1190350
111343
181242
1130724
1431999
145927
1033802
238938
1198858
1252044
174549
40044
21845
1173523
1258345
1438347
1374199
1280266
1137029
283729
446627
1100561
1077001
1358500
1297959
342476
1127169
291275
1371465
1257435
1402632
528128
1543095
1464189
189495
29550387#1_1.030466
1376203
1049886
121107
1147405
260093
1252075
12050
1496320
1421107
1135699
1135147
1004621
179511
1109202
1508440
1349168
17267
1452555
1010852
1270309
1215289
1364527
207327
1240235
1558271
59609802_1.031601
314730
59609802_2.026194
227434
59609802_1.030038
1287793
1177061
363361
1255154
1063568
1250540
1143530
1506924
1493785
214260
1478273
1082865
1185988
1115570
1413985
1285486
1516307
1502273
1487360
189120
1282451
1544478
1572693
1521316
12952
1461386
375822
160179
1330271
24491335#2_1.029621
273585
1566146
1377818
1528943
1442445
143911
1044250
1004728
235113
1192910
1226346
1204380
129757
1348561
1289513
1040494
1439680
1421084
1434938
1551226
237096
1226569
1587765
244140
405431
1460347
1457021
1143554
1205390
1157440
159018
1077235
1394608
1367427
1092986
1413678
333894
1411189
1277460
1281085
1408086
1231847
1124716
1500283
1578336
361859
1587101
199268
1021178
1572708
256577
167894
1203173
1150153
149758
1408088
1274446
300748
170521
18123
29550387#1_1.026571
1130194
57868214#1_1.030312
1037797
1334393
1544063
57868214#1_3.028179
1192747
57868214#1_3.025761
1124916
111223
1053477
1103761
344933
1288110
1186143
1244940
1404526
1338064
1033084
1565951
1500964
189345
1202106
1559129
1299564
1241199
1407218
1173758
1197716
1140597
1356638
135590
1381173
234721
10394
1166564
1440151
1375445
1114261
1398049
1210377
1495008
1011840
1028399
1236239
1324834
1221245
1036125
305130
1318381
1018468
1553506
1247727
191106
129097
1593400
220645
158649
1372022
116018
1119987
281738
205852
1054131
1209542
1545168
1519927
311901
1164882
1558634
1399717
340762
1202084
1445475
226424
1137177
1415203
1527447
1325319
268282
33085
1390711
1030878
1303162
1249879
149004
57868214#1_3.027044
1045853
1163284
1439990
1196526
1016647
1459203
1537825
355019
1348284
1277674
1581008
1302908
1446378
1254379
141876
150405
1316801
1590092
1061845
15398
1141537
1230235
1033312
1529215
1209018
15318
1431492
243897
1233000
1034582
1221066
1480456
1355230
1419169
1320812
1121533
123921
1220677
1046474
1526842
1324610
489674
1048236
2981
1484223
22952
59609802_1.023293
1270878
59609802_2.027547
1213772
1047579
27724
1439707
1436927
136084
1390559
518224
114674
1167644
1517076
1014901
1212997
1533684
1446286
295385
1181839
1548768
130665
1067605
1365000
1159270
1379918
127281
1022165
1063907
1085244
1408817
1320306
1309699
1311365
255251
1272009
430338
448253
1300426
1177213
1238818
1255084
29550387#1_1.026857
1350124
29550387#1_1.027612
1443429
1446491
1350625
1514069
1157392
1190227
1527087
163548
1202126
1341685
1511783
1250846
1331130
1577391
1389338
1546007
1351896
1341095
157205
241454
1590056
1428293
1082823
183430
1460379
226985
1047031
59609802_1.024125
1468348
59609802_1.025181
1097266
59609802_2.026760
229975
1085460
1160217
1334782
1402578
1395074
1416545
1301366
319968
115773
1317796
1114785
1376038
165718
1441596
1132717
1238446
395613
111613
1285280
1574231
1325874
1299072
1528614
1438410
1441310
1583521
1095796
1372322
1349722
1136097
1485460
1427610
1220531
1086973
289519
1358735
228285
1098069
1266351
1119074
1252372
113997
15901
1489725
1443442
18515
1210829
1087406
204120
1426157
1437950
1398297
57868214#1_1.021979
245317
1465337
1124876
1185847
1478558
1438355
1222638
1272607
1481720
1281831
1053730
1197751
1263005
1051081
1188417
1543105
1013596
1345673
1516525
1539155
1008861
141662
228521
1274270
1046625
1535657
1167466
1038787
1293753
1258408
1495046
1373030
1517123
57868214#1_3.026482
1438341
1277419
1508322
1031155
108360
24491335#2_2.027500
1129130
24491335#2_3.025985
1236627
112755
289968
1248730
1553702
1060389
1239388
1408242
213638
297174
1126633
243544
1413972
1474957
1024297
1333576
1470141
1445110
1223919
21421
1382621
1326120
1151267
1334106
1121854
1173021
1162176
1034789
1148421
1213828
1015743
1053535
1408074
237605
1344755
1469335
102823
1038128
101078
26634
270465
134375
1291455
1426384
1119090
1459690
357108
175244
272447
1389467
1276902
1328677
293002
227618
1083607
1176989
1552668
1106072
1375146
12718
1092841
1067069
1142576
1472927
1063388
1499185
149646
427679
1333119
1060692
358532
1498253
275118
1187999
1532271
1071602
1061562
101373
1316867
302280
1186308
1170419
1430887
1425988
1592218
1561555
150346
1154950
180714
1538167
1379559
132664
1033814
271447
121631
1233478
1581229
260421
1376006
1288759
1440555
213451
1087394
28953
1392084
1033351
1190602
370241
1469818
1170358
1529846
156270
1480388
351679
199907
1566803
1260861
1542220
1081373
1389022
1348889
1565673
249488
1327496
1475376
1245425
198357
332730
1203297
1196982
112564
434243
1434520
1293210
1033092
1410305
1258498
1437026
1430215
1097475
1058487
1048323
1533251
184332
1108589
121469
1305862
12937
118514
167295
189193
1200456
59609802_2.028300
1102337
119086
1306961
1043594
1177553
1341622
1480777
1050456
1321354
1265562
1344092
1184959
1114358
1166495
1435535
1217985
1408954
102337
413655
216233
1493301
1019513
1437940
1296986
1479479
1116634
1448390
29550387#1_1.031649
35154
1290321
1380470
1348759
324112
1388848
1282361
1415865
1251796
1530456
208481
1465509
1346467
1382774
1044772
1084401
1114484
1098361
303006
1318
1258393
502160
1348970
1416629
1495615
220377
1139549
306455
1166438
1366867
130932
1121280
1454865
165698
1349070
245824
1525128
28760
274399
1289267
1480137
135206
1441568
1347361
29550387#1_1.027394
1011421
29550387#1_1.023087
1547180
29550387#1_1.024636
1252421
1250760
1397056
1051683
1586796
1373136
1283248
1254299
1087315
1084965
1278107
301850
1302307
1202690
1011366
59609802_1.029878
1409
1017522
191197
170404
1139280
1192037
1118414
10241
1283858
1505997
1150678
59609802_1.026283
1536358
1027254
386660
1475909
1054968
1593017
1139623
442392
1190248
1270836
1395194
1310505
452791
1349912
192521
1389409
174120
1067717
1103947
131767
581486
1351439
1225287
1397312
1005087
1589459
1222089
1239226
460435
1205085
1201619
1005011
179491
255758
1015367
1361550
1278905
25711
1097803
1337763
1088188
215703
132071
1423245
1536140
194524
1288383
1472820
1533016
329423
1378322
1465070
24491335#2_2.026593
1060492
1059738
1389012
1269313
1072601
1567668
1282265
1198419
1340894
1130297
1220869
1385162
532927
1048010
1464215
1231412
1016812
1274774
295470
1384298
1417729
117641
1136478
144418
1104046
1031067
1193869
1165755
1065078
1172851
1359494
202916
1092624
1250535
1049950
1387471
1332850
1203632
1569235
1451015
110845
1252845
1188346
1270796
1275272
1189003
1219146
1249763
1249754
452712
1045733
1074113
451388
295158
1106823
1122152
1038941
1393330
1143354
1147094
1428347
12055
1105661
12970
402825
1342856
1231419
351755
1073464
1504843
1069300
1081674
1438584
1555627
1176006
1515108
2126
1401444
1508733
1164888
1042733
1064844
1263942
1395169
1356319
1176801
1244230
14138
1083677
1097239
281556
1402286
469951
1232220
1585202
1512521
415440
1177558
134719
1302959
1520730
59609802_1.029572
1272842
59609802_1.027193
136873
59609802_1.032044
1328969
142995
1047545
1434459
1305166
1453269
1512478
1261044
1128348
1073577
1398382
1440231
520154
1239674
1554149
1148902
1520256
1191919
38793
1314091
1282815
399233
1080744
1053248
1136040
1584216
1145785
330790
1539401
1281833
20335
1571008
1182088
1070836
1182459
212970
1470500
1158862
115369
1489569
272618
473905
1344416
1386610
1144081
1074988
1297515
24902
1031041
1300712
1177508
589512
1081629
240252
1484675
1509022
1176048
1151045
1210187
1305480
1415243
1031539
247045
1333607
392163
293254
177100
1054395
236515
1362928
218521
1480188
269133
1104506
172370
1548133
28706
1247365
1299854
1137336
1512759
29550387#1_1.027264
1180380
1390372
1155718
1564786
500813
128528
1042548
1421048
1284890
1366574
1021573
294618
1403871
126914
1442705
1266221
24491335#2_1.024644
1250593
1001611
3383
429923
1013590
1337073
1236069
1029662
1463368
1171480
1350936
1262402
1561880
112863
1258440
1404811
170493
1070097
24491335#2_3.027189
1010410
1525152
173852
1280314
293040
57868214#1_3.027491
1207490
1297939
11860
1023172
1159876
1121489
1252561
1564048
1368741
1112325
1289192
1055714
1447622
234822
1187330
1120474
1184221
1001632
1148597
1227891
1466971
1293844
1066793
1466339
29550387#1_1.022837
313689
1532912
421186
29550387#1_1.029641
1248036
23996
112006
190548
1441186
1589123
1455762
29550387#1_1.027284
1435718
29550387#1_1.022156
142372
1070478
1178591
1433371
1279509
1326354
1391210
1035388
1132436
1592993
1542665
1370435
1121564
198210
107626
1134094
1110283
1012273
1057727
1509995
1510012
1436754
1532731
1179172
1339935
1538734
1537910
1082131
1143750
1392212
1514822
1309643
1218812
1589277
125381
1537780
57868214#1_1.025182
1443431
57868214#1_3.028090
243846
313362
1101828
29042
1257324
1295370
59609802_1.026179
130487
59609802_1.027205
1121953
59609802_2.026342
400925
59609802_1.026617
1123188
1390589
383078
145902
149667
1366706
1198770
1030178
1425478
1238305
1402268
202265
248245
211024
1216210
1050234
1323416
1494512
1337360
1463612
1537773
1327274
117726
1393923
255616
1362769
1360805
175852
1329884
1445472
1468975
1158126
1206606
1386205
1588273
1467378
1100311
1214430
440140
218477
236802
281818
1176389
1124599
1000967
1437909
1328553
1428384
1029650
316698
156308
1059109
1590766
1449348
216908
143473
22757
365562
497307
1107188
1362817
1431773
1223931
17172
1180277
202129
1574077
1546553
1276943
1241428
109954
1254287
1085308
212120
1073885
1424911
1352454
1337352
29550387#1_2.026358
364703
29550387#1_1.027205
24889
1085872
1551424
1462245
1242804
226478
1183135
336680
1062666
1434967
196379
1046186
17545
178139
17685
246936
114872
298700
1403918
1536477
1153967
1585895
1317882
1004065
1174892
1385385
1358501
1297390
1351002
1135863
1272994
130579
33868
22101
1419665
1110893
262458
1368000
1317058
1047860
1344583
160695
1587596
1277720
1474335
1489424
1551519
1242257
1467878
1126420
1424495
103422
136634
1427982
1390609
1216919
325703
1386365
146857
1500474
1163239
1422766
1320092
100890
1190198
1402185
1021926
1006988
1320615
1155487
1383421
1104502
1296290
1461846
1316538
304810
1288534
259612
496471
1033310
1038175
1257938
1470602
57868214#1_1.028786
1011423
260744
1066002
1179783
28065
220173
16580
1275243
1133855
1355573
1358237
206417
1341060
1399416
1130773
24491335#2_1.032364
1552810
24491335#2_2.027600
337159
112821
276652
1405309
281312
1196592
1180669
115460
124547
131369
228858
1511922
1392790
1195667
1473018
1521618
1500690
1447359
1497419
1328749
1160049
1476572
1307387
1083159
1582931
165137
1076370
1434406
161959
1390
1290750
1466772
284688
1457496
1205789
1079316
1008597
1144553
1253035
426627
1261844
1572650
15198
1044777
57868214#1_1.029765
1572084
57868214#1_1.026663
1131281
31749
1234833
1330299
1271063
1265964
1575527
501610
283892
1286684
1362465
1568638
1001893
1173581
1505513
1291922
1203857
1325899
1125822
1003637
1235780
1023773
198195
1553251
1136104
1284445
1256915
1044660
1086133
1319113
233985
1152748
1103752
1198526
1125030
1129494
269879
1478752
1178761
1092596
1301652
1154993
1019830
140626
29550387#1_1.026313
385305
1403451
1591597
1263400
1545199
1239248
1307106
1025844
118342
196197
355473
1457893
1378851
1192501
1551919
161475
1252299
1382872
1370825
1353554
1510385
136824
1166541
1015060
1143196
59609802_1.028411
1362529
477324
1393974
1514110
156132
140083
401760
1150996
1309679
29550387#1_1.030404
1189146
1094549
1312919
1014226
1278051
1279992
1193089
1443232
1542781
1048121
12868
1158740
29550387#1_1.024731
1353934
29550387#1_1.024737
1045816
29550387#1_1.026217
1322930
29550387#1_1.025632
1462143
1150471
1272341
1550472
1151036
1318356
1300127
59609802_1.022632
1576057
59609802_1.027742
1129411
59609802_1.021765
1477881
1015368
1069160
282253
1147158
1511680
162278
1413648
1047548
1195171
1314849
1410728
1348417
1036883
1182008
1120449
1195792
1081181
252131
1582422
1332864
1325903
1037544
1178579
1241630
1042218
1388257
171029
1164252
1372830
1297606
1012061
354906
1414938
386562
1268930
1337349
1398022
57868214#1_3.026924
24054
1304748
323461
1460734
1507687
1209178
1100588
213465
1447772
24491335#2_2.026878
205388
1349481
1018079
1051805
1551750
1540101
1467192
1085145
1227952
1373138
121574
1068309
130788
1440896
1308645
35484
1029234
1115483
1305460
120494
1414582
240078
343187
1366209
1007727
1280483
134347
1589809
59609802_1.022670
1390146
59609802_1.021933
1473822
1572792
1429566
1295224
1356189
1255921
1588689
1139506
412026
1153176
267875
1443760
203915
1005663
1413772
1158621
354315
1329088
1271038
1533164
223430
1298538
1013693
100939
1307735
1422955
216192
1143128
1446918
57868214#1_2.028063
1404398
1006391
1449127
233788
13161
10383
1410640
1077039
1233911
1514877
1122225
1533348
156119
1212672
1506393
1145688
258662
289638
1289421
1241149
1520300
11965
1080265
1348712
1459034
382528
1363167
1387414
1066842
1341124
1299558
1247045
1162322
1378613
1006253
1256056
1196618
1151534
1019069
165589
1206642
104225
235456
240602
1054118
164931
1502701
1297485
1219140
1453860
487136
1025489
1207397
1546675
191484
1462835
1559428
1267047
152464
1494354
1344477
1563280
1304673
1399139
1082846
1451930
1302372
57868214#1_1.022471
1450901
1554036
1196496
1429916
1545144
15061
1018559
1367201
1348271
1481960
1193025
1321020
1271793
1500859
29550387#1_1.028064
1149225
1175370
1359346
1147595
1282535
1440626
1309419
421865
1199274
1575343
1231960
1062236
1020611
1216888
1426306
1050710
163584
1081777
1143075
1367290
1276097
1241312
1161426
1337084
324254
1385493
1013170
24268
1230717
1415406
1009868
286035
1127075
1079569
1359881
1285293
116979
301527
1529092
1495378
135652
1272240
1257118
274845
1050832
279830
1330413
396783
1207832
563900
19553
194312
163140
146854
177916
1211291
133005
1092912
214000
287138
141901
1250299
1561807
1065851
1363657
114742
1116667
1590953
1570017
1099101
29550387#1_1.023164
1443219
29550387#1_2.025926
1164950
29550387#1_1.023411
1576982
1388440
1069442
287670
1438582
24491335#2_1.030172
1079102
1446586
1230734
215191
1101097
336161
143034
204449
1023787
1283997
1584597
1203831
112625
1071643
146587
259102
280959
1509309
1441224
1161514
1467345
1131601
1569894
1553045
1305154
251799
134194
1113453
1322690
350192
1219912
1348508
1019032
1313805
1305852
59609802_1.022649
1053644
1410187
1549996
216245
1173484
1397783
120185
