1181180
1511784
1523911
1488067
1163909
1143555
1173020
1205985
1532028
1372647
170449
1143554
1201850
1012029
1521791
1480389
1135072
50364
1238529
1503631
1361038
1267291
1500690
1420502
1147452
1400329
1077197
1299264
1173021
1469435
1552119
1313933
1061817
1141197
1148945
1383062
284131
1499430
1203036
1059871
1256688
1069429
309500
1101980
1144399
1003215
1462292
1400328
1000868
1511783
197183
1162674
159072
1113452
352942
513923
160496
1517436
251202
1573948
1228749
177363
1442408
1171951
1052402
1386777
1099327
309179
1064425
1084936
1072761
1344088
1374703
150903
1360192
1555330
209447
1331999
131978
1172625
1142447
11057
232434
177364
1548149
225467
1169990
1089404
1144398
1480388
1256832
1329542
1446491
279830
129348
1439658
1266876
1036088
1495067
1101709
1503814
1136708
312118
138007
1091374
40044
1579504
1193274
1156256
1066742
1029548
1046534
1364846
139625
1196377
1314846
1403124
238073
198171
1519992
502990
1529846
1564276
218488
1017549
1485184
1398946
1232526
1294298
324816
135931
1277273
227144
1250299
124568
1490631
1468836
115461
1260480
202916
378159
1439042
249675
1158280
1152218
1550749
1088375
1217930
1406306
273748
1316488
1107381
1049866
1565174
1382216
1325314
1552460
1232185
1581498
1219786
1333265
1414954
1211959
1107382
1483567
401363
1277392
1567342
297060
1418477
1442674
1394292
313719
171282
362290
524868
1264273
1383125
248980
1070494
215557
1300496
1532912
1356673
1237328
1526847
393704
1171078
21715
274845
1339238
1171950
1159722
150519
1434449
1115344
1526166
149132
1083945
1088182
1443804
1512770
1134922
1004102
1110496
332589
182485
115460
1332059
1073946
430822
1284478
1198705
1297549
1165829
1402004
1185625
270951
1549614
215593
1015056
1016623
1456743
1232527
19885
1403564
1537212
1217391
1441917
1507178
1276080
1158237
1365740
1506484
292334
1172103
143842
142670
1310979
164886
1526469
510447
1347598
1535848
207633
1158279
1062869
1066486
1427235
1450828
1557080
1036396
1274387
1573706
1270242
1507348
1091473
226066
1502125
375468
166726
50363
1250812
1067272
1065828
1226648
1143108
209751
1134393
197488
1483915
1159596
1400656
313663
361191
1466321
1553934
1490207
1043562
1454194
575501
113474
1000053
1432817
1202990
1418434
1274016
106327
1421752
1400121
1407737
1263942
1151448
228731
1137203
1271674
1012223
1028096
1323738
1086333
1192690
1190200
1547424
1390760
1064886
1153917
1196528
1502312
1500968
1520968
1341532
1053888
1433889
1188393
1209403
1453397
251828
1316484
1154518
1440848
1134611
235967
1274015
291397
1553933
1185066
176215
1470259
1432180
1565851
1220805
275487
1164310
346687
1408641
1567821
1161447
1470143
1209402
1408382
381139
1428632
380746
1043630
1407736
1240591
1100625
1506945
1072763
1103075
1376308
1510490
156891
1542483
148814
206220
1137922
1161698
1137109
1339342
1137202
1392892
1487731
1287233
1336723
1283998
1103882
1178765
235405
1112018
1037900
1403058
1196527
23224
1037901
1117539
1493831
1480156
1052368
1097751
1228802
1008007
1473664
358443
1087146
233788
1293781
289519
1560069
180521
1408399
1383561
1268348
1051238
1158525
1030414
1298746
1293155
1450107
1346347
1093624
1481024
1360376
1559065
1123818
28431
1341531
166851
1570106
1439327
1500967
173764
1389395
1453398
1102978
269274
232526
25030
1313363
272993
498344
1507558
1176039
1329211
235682
158864
298625
1579064
1387442
1083278
1346228
1377686
453643
1524066
123099
1406555
1538642
1081454
391295
1292772
1514827
1512719
168581
1229578
1365373
156250
30258
1495285
1007238
1214303
1171867
1520969
1162326
1345943
1514110
1584396
103091
211586
1285256
1079423
1202756
1207259
1010275
1104311
1059433
1401287
1415815
1152363
262654
1107277
204139
1155158
155679
1179814
1097908
203392
1194708
265752
142221
1112678
157692
1087521
1130800
1435169
1102883
167070
145526
1132699
1169229
1309388
1560068
1505357
216555
1564506
1204840
1454616
1510318
1140451
274103
1476925
1005815
302139
256294
1334484
1188267
22916
1511173
1485339
1466787
1263941
167190
1227819
1038148
1007291
1552668
1229256
1112338
1337922
1299166
1537895
1375146
1407072
236
253688
1182480
1517196
242229
356235
1086762
239756
226219
1359248
1145403
1479551
1128435
1549666
1109552
1090355
1191889
1001718
348698
1203051
1270992
1523268
144450
1253223
1571008
1359498
1267582
1496960
109954
1005494
1214087
106082
1140801
1256770
300925
1335897
1081023
1175068
1380693
1406830
1134610
1079422
1288333
1038010
206698
1045240
1184637
1279079
1055212
1011583
1497473
1319943
235681
1271675
271692
1482756
1187808
1345783
1259487
1468341
1240235
424399
214938
1250093
1403996
1353079
207744
1046330
1270993
1428220
1060465
359417
1132264
169825
117195
1427436
1280131
257823
1112897
104450
1093623
1271354
1569695
1519703
126358
1519991
1059840
1173523
1094236
1217005
1155049
1046533
157001
1072384
1481106
10378
1547344
1348148
1376352
297916
1208150
1347875
1572287
148455
134283
1470479
214379
165663
1466374
1581840
1036682
1539136
1464123
1157478
1255601
1420355
1573373
1505946
117141
232991
138135
1345716
1233536
1337270
1171492
343975
1507547
1152438
285293
1123408
1026915
1103589
1076392
183538
1135073
264976
1200450
1331729
1322778
1283390
1493236
1501094
1188020
1260369
1128066
1293209
1211427
154642
1394166
1402003
1274446
1503630
237763
160545
1161387
1371390
1424483
1178194
236630
1217929
1184758
261944
1461010
1360109
1016379
1151006
1361273
220442
1203511
1157026
104900
1337471
234260
223059
1192745
1496624
1592774
1456576
1583017
1469061
1393582
1270639
1222251
1015567
1113631
1059870
1441536
253441
1420160
1160032
140331
1414953
1493403
1057727
1270290
104658
1556239
1049391
1316360
1276965
1405048
1176409
1339484
131369
352722
1140355
1142784
1556659
1570293
123310
1273959
1531688
127995
1069124
149758
1086031
193191
1529798
1004146
142766
1321410
344091
1366978
1504867
1188209
1244785
1499756
1036442
1083946
1217148
1360290
1585348
1066657
169617
214380
1027038
1302136
117447
1410307
192866
1488973
1502293
226282
1046134
1017461
1113817
1306104
1217390
1322985
1307456
194691
1089402
1295015
1491984
212293
1056018
1308970
1043165
106694
1316182
1230646
1056497
342486
1409088
1428293
1288220
1536213
1495163
1400655
1417613
195991
1227128
1268347
1278608
1329154
1446281
1267800
1481032
1096074
104657
1094606
146533
1568890
461400
238784
1463890
1269754
1494326
1369004
293599
1591785
1533774
1492372
1424404
1444574
15054
103203
1121564
1009935
355846
1366767
1394148
337457
1252044
1488225
1301968
1434435
1100928
1049921
1077741
1031714
1405116
1363757
471837
15060
1072383
1410059
1147248
1529392
1470767
1301901
126592
1436379
1226647
1377485
1525715
1358975
1365031
204414
1202126
1541291
1222711
1366579
1159475
1105489
1276973
130302
1220531
262599
1241786
1355038
382654
1552546
1561946
1260499
1356319
1184397
1470858
1479596
1216027
1501130
1240345
1564655
136713
1309740
142544
1053698
275488
1430839
135209
1458261
1061683
454745
1428657
1391014
275349
1330930
1269236
1383220
1282815
188317
1181122
101513
1055851
1130377
1002366
1284610
1148725
1020484
1110481
1251596
280915
344900
1548895
1462028
666701
1358283
1004100
1004745
36357
1290154
1272740
1398794
1261447
1523638
1039404
1484184
1045019
1130439
1176048
1085872
171521
207825
1475277
1454859
1107655
1393424
1043482
1380335
100444
1587917
1217241
1320630
1056261
213911
1031872
1042411
1346915
1137921
10383
1511982
1499429
137394
1102705
1150114
251762
1519058
163762
1098527
1441610
205639
1101946
133075
258978
1414234
1247110
1464130
145216
1074720
1377870
1182586
1193596
1415816
1328674
29391
1259230
1552545
1532914
1068347
1283154
1252046
1572955
1225588
274133
1002406
1502696
1515227
1418920
1225758
1506708
1529959
1587758
1384743
280914
1539210
1424245
133785
1469003
1519641
1462830
151791
1336473
1113375
1439323
1247255
1144081
1347969
1297515
1158643
163261
1195330
1244506
366934
1215011
116126
1452522
1040235
1065471
1360375
1494258
1117035
1055298
130301
1116749
1080276
1094801
1176083
1203446
279019
310097
1384932
1558870
146985
1143348
320047
102270
20022
1383183
1130432
1494364
138558
1502993
107042
1253111
1413885
112717
1228452
1304705
1430517
1107377
142434
1454922
1468698
229548
275011
1583988
1521161
1348106
1453295
1063285
1552705
1020081
1294750
1117264
1373230
1323392
1084409
302716
1119966
216123
1505047
1289034
307488
1521854
214256
1567865
1058291
1403871
1207397
438890
390329
175839
103570
194619
411554
1292549
1009401
1077389
1209370
1340636
1396918
150608
1162777
1581792
1573576
1349194
110813
1426353
131124
279558
1182479
350410
1414233
1043423
1031481
1392590
1089594
1106474
1370400
1076567
1388084
1547651
1116172
1492140
1491218
1286936
1391666
1125775
1536432
1370550
1322620
1405596
1176038
1523688
295743
1445927
101883
1264520
1202755
1191393
1263712
1188539
1443050
1423945
1281946
1203178
1178609
1124504
173744
1198784
1039819
1093872
1288360
1139461
217941
1323769
1543143
165016
1327846
1210118
1372833
259352
183888
1007118
1331924
1404819
1459907
261062
1401653
1467662
1250348
1041101
447917
1020931
1064469
1006648
463646
126690
232789
1310737
187493
1312857
1334076
1151010
165405
1268770
1097907
1069162
245980
1147578
1030547
1474157
1048012
1479124
1542031
1343459
1189995
1080744
1053780
1274615
1461386
1448069
215734
1335446
1142046
1213496
404447
1580024
1467635
216434
309948
1442081
1369851
146627
1257035
1088487
153910
1356539
1056232
1057345
166155
190865
1190714
1477338
1179550
1098520
1411091
1264214
668679
283785
451938
1414823
1269404
1390094
1357213
278324
1377856
1447628
1290144
1517141
1103881
1253611
1130896
1469419
1139131
172861
1245287
1428089
1044263
300211
209888
205014
1463568
1578444
1168417
1254527
1492821
1572996
1545203
1003097
339725
292032
1420609
213413
45324
1065707
1388848
125025
1440611
1446124
1197822
1242324
257177
1227699
1076206
1449714
384841
1303588
1049349
1471184
1456086
183078
1269044
1239899
1382883
1142722
580980
1403623
170664
228137
1204157
1262732
1428651
1359740
1080581
1171830
1535790
1159169
1205879
1480353
1271447
1356304
1027211
1000991
1174580
1309583
1387441
284842
1449672
1207148
238048
1260042
1473270
1011973
1265940
1346280
1333579
292478
1502630
1011388
297897
1082471
1265449
1143146
1172075
328423
1108274
1075639
1423034
1357168
124309
1278036
1002035
1574412
1113374
1126827
1075805
1011922
14252
1340231
1387023
1006182
1453334
1534863
136958
1434562
1400527
1013899
1547756
1259415
1446178
225090
1451500
135351
1354841
1344955
1269346
1062366
1190841
1492289
1212129
1313419
1437888
1120850
1402598
1224760
1493145
1141086
1300741
1414328
1218988
1442705
1197614
1382171
1359964
1142581
136645
1315397
484115
172646
1240650
1226879
1396359
1525383
1407163
1078078
1336913
1408442
1524093
1366641
204880
1345072
104391
1544864
305779
1380638
1139925
111696
1302959
1340078
1125919
1194637
1521631
1277251
1018999
3215
1118263
1171759
1118167
1495934
319568
1340810
1521316
1255001
1009097
1528585
398538
233254
1045790
1544717
1336601
1348155
117763
1057285
1113004
374389
1157562
1168362
124463
356600
233913
197073
1454084
1253676
1098526
1463011
1099777
149564
1186842
1105414
1577527
1305803
1129327
1199668
184487
1483704
1135102
1055276
192533
1010073
299047
1190410
312896
177362
1356788
1074565
28823
1118041
1247019
1129148
289952
128624
1219379
1357314
1238737
1157258
224182
1478886
1368896
1276007
319581
1244457
1576628
1172989
1425082
1112750
153562
1579395
125337
1033432
1234203
1456838
1224042
1459340
1359930
19442
1548401
1331130
1194779
328409
1329071
1363997
1282617
1418476
1064452
1187542
1017193
1052935
27235
1135617
1269759
171106
133073
1022611
1347481
494703
1390815
1347613
293874
127218
138115
1378330
241483
188454
327681
1407909
1435598
1469837
1069758
1229026
1313062
1512721
1158800
1540551
1220256
1118807
1311689
1552305
1244090
1469470
111134
1337470
226377
1527459
1015057
145928
1173687
137616
1028436
112212
1327332
1051332
1324981
1420354
1410187
105842
1589901
216956
1184302
1340265
271447
1378378
1556789
1077117
1393606
1561273
1473018
1033292
1043079
218376
1106390
102709
158537
1213002
1314398
1459004
256176
1533016
1008903
396783
225459
1235706
1142062
1277272
1492177
222801
557116
1415905
1560993
1343364
1391975
1323646
1395261
1041020
1147741
1422949
1319718
1235989
1107530
1187912
1490821
1127746
1505684
1110283
1378549
155246
1306053
1335898
1067190
1498168
1496583
1444770
22209
1229331
1123245
1475600
1584694
1080164
355226
264083
1476182
1551337
1033316
1492352
1454112
1481697
1539208
346843
1334917
1485708
156457
1221934
1478950
214743
1002450
1351896
1410995
1120823
1258411
333699
368103
1153263
1243479
1526181
163530
1307685
1240012
1518234
1279167
1507070
145490
1341677
1030398
238938
1107937
171267
1156286
1345559
1538542
1269888
125457
1392167
230867
1338833
1182076
192819
1579890
132047
125658
1365959
221337
1465647
258945
1382376
460453
1440066
389499
1422749
1278011
1579957
1187162
1087532
1222521
1573729
141382
133921
1321975
1291939
1502548
1374613
1211638
122698
139198
1233962
1254697
1351622
1258984
375091
1294621
169011
1508486
12919
227985
1245524
1471475
1077740
319952
1167986
1035239
176299
1041098
1050810
1054016
1450973
1287783
1053560
1082457
274903
179176
1425871
1571373
1059872
1486816
1366804
1574533
1435122
204580
1137504
151945
1057341
1494265
1196592
123015
1414402
1427335
1229976
1363002
1563987
1183432
1108579
171619
1405407
1175429
189620
1545387
212013
260938
1178935
1090678
1499720
1521886
1407029
102214
1493733
158126
1219785
1432911
1494865
395061
169616
1116410
1592495
1494115
1090493
1090206
187399
1133326
1389189
1272595
1309147
206944
1274297
133074
1507336
1509759
1160028
1557802
204944
1414338
1138289
266659
1144220
1538734
1135466
1022948
599691
1461505
280366
1466861
1187930
1393834
178751
1449225
215176
1510144
1250298
1515681
1531225
1206264
1257098
1054214
118843
283793
1211112
1255274
1477079
1132822
314574
1400630
161946
1273540
1290452
1169368
161933
1161184
1073166
1471919
229636
1210305
180822
1389133
1331728
166377
131463
297311
1575020
1245046
1489558
1401040
1449958
19196
1413947
1462666
1395648
1379991
113977
1485399
145230
1045659
1258615
1186976
1009429
1396070
1028777
1559144
1474853
103924
1167837
1457660
45350
1343203
1521401
1101601
278299
271313
1300610
271457
1486044
238111
1135952
1166682
1427961
1454833
1271353
1579066
156026
1436093
1556658
1503642
1010675
1208199
246666
1055454
1507495
364494
1067271
1058568
1213781
143464
149349
1095602
1235990
255041
1044652
220065
1440082
223628
1549467
1540015
1507367
1150261
1518235
1450903
1113451
1223748
1145348
1099222
333552
1169959
1309135
1561034
146142
145531
45695
1513888
1417670
1534292
1380015
1173688
1237056
1425833
1211495
1175095
1098903
1144392
1202153
11075
1426343
1191047
1184362
1347619
1060522
1006103
1043166
1180892
224743
1534280
1183482
1529944
1092912
1458220
1259308
346837
1225234
30315
1316867
279962
1428733
1422808
1480647
1571004
218447
1199885
318296
1514159
1058377
1467417
1233959
1112251
1216220
2410
1324355
1450162
529533
277118
160544
1083046
1448676
138715
1172181
215219
1147865
1501689
1267290
1463727
1343363
343978
1132409
208035
1082503
1091946
1403499
384838
1182415
1205877
1041071
1503660
1340040
1569986
1339464
325277
366114
1571988
1377702
1551835
1469469
1273033
1541075
177798
1476222
1366909
1564282
409737
1061563
1487781
137384
1145312
1122818
1515814
707598
1359664
1164651
205212
273417
1306304
1139231
21783
1003866
151035
1128707
1043252
1178715
1443425
142237
213024
123309
1003493
1016622
18689
1036571
314134
1145347
1145827
269778
1170713
243492
1124583
1017751
1402876
1177125
1182844
142456
1167592
1554167
341896
1334149
1077700
1229743
111190
1157211
1421053
1353331
136262
1368722
1471062
290919
1423510
1499969
1189906
1223988
138311
1036227
138116
1457502
1230036
281974
1122375
1486245
1016216
1575173
1422039
1256927
225589
1230654
113132
1565982
1152476
145927
1137499
1565981
281381
1292728
466992
100958
102317
1366817
1140999
1306580
1062178
1368617
1054750
1334459
1012351
1253250
512572
1082279
1039984
1378322
1413565
1434803
1372250
1318038
1338477
160167
1366955
1099561
175626
1024987
1502769
126492
1237645
1334835
1457680
1190616
1152125
1216908
12026
1425143
340049
1540631
1459572
1071397
116918
169010
1243698
1049390
1423899
1541397
1541500
1209119
1079900
1285307
204745
1047740
1020403
1535847
1500143
200557
1262608
1013516
1075881
1442951
1539870
466057
1558809
1558554
1383421
495654
1370222
1024494
1468109
1300611
351535
1538295
1086386
1276006
202802
1422315
1094443
1299258
1524
1257162
1185318
1161728
1389367
1371321
1026378
139837
1283346
1557098
137981
1592494
1273711
1073945
1251390
1194539
1357951
1057019
1593293
1480387
1038802
1089401
1298233
1039384
1224342
1415904
198863
1118040
118751
414734
1059841
280976
1950
1261709
1574265
1284017
266456
1243515
1224754
1306458
1018944
1143503
1383279
137620
1300830
351673
313669
142173
1540086
1405309
1165631
1084573
1263919
156982
1198994
1282279
407003
1171077
1062926
1242603
1206007
263041
1417077
1151496
1323290
1462207
1417554
1373506
1433744
1524966
208854
219764
150266
1253000
264284
1402052
1004743
1393130
1556553
1098110
1539209
1129882
1094177
471002
126548
1249922
1041421
277707
518765
1276160
1272566
1128706
1087177
1045574
1554265
1367668
1517230
1087897
1514069
1060956
124131
1448792
1435096
1302143
1349615
217842
1346775
405945
1467026
186146
237853
1157578
1579810
579394
279593
1151497
1505905
1215561
1592291
1316359
241038
1247647
1297391
1061562
1550203
375306
1334653
1507347
1334106
1536952
1040342
422809
1105605
1324898
1573769
124344
149293
14956
21933
1221485
1500239
478998
1175283
1157025
164867
1140354
1570432
1551538
1059297
1489477
1312072
10279
1221336
1102593
1548123
1143784
1166029
1416989
1120339
1309237
1475585
1445500
1241794
1124902
1148597
1357055
211255
1551733
1358449
1045215
1064944
1536140
1202548
1524187
1445393
1201298
1109238
1430632
1433182
109824
1285388
1209178
1016903
1366244
1433216
279098
350375
1004825
250792
1300700
1550076
279553
1209455
1042727
1503175
238937
127079
1528133
376389
325714
373268
1317317
1358808
281133
1321721
1085417
154074
1403498
1172356
166966
1113530
108834
1321082
1315220
1047434
1510910
31173
1460347
165818
1263062
1165265
1517738
101150
161832
1127741
409770
1302636
1182008
1328178
334223
1442277
1288791
1454113
1242501
1253744
1481589
1461125
1410820
1556419
1242104
1178445
1189476
1116162
1519702
1213773
158155
1186269
1126440
1151528
1165755
1491683
208863
1177598
1319137
1009591
1269887
1294003
1124170
196966
1142934
1558810
1171138
1507425
1535643
1086669
1192733
1181111
1521475
1000869
1206916
1285241
1547554
238376
1444481
1159115
146931
3453
176596
1108001
1412853
34202
1241677
162756
1122250
1540677
1132436
1152821
433222
19886
1277593
1429314
1499719
112917
1463889
1215972
1568203
1133656
1496623
177729
1069428
1346789
1357224
1249181
154756
1062543
1573705
215239
1323528
1285345
1179272
1277287
1560689
1244909
12824
1382318
1031736
1525048
1029923
1483911
138188
1394756
1489557
124490
1507494
1184221
1117821
257891
1341285
1484242
1478160
1216588
1047239
1135136
1079961
1212497
1258562
1267429
1338832
1546566
138770
1174036
1529292
1522305
137390
1436427
1328376
1524907
1273678
1592160
1276855
1077574
1137027
1176330
1528591
221374
279376
1172106
1488655
1458431
1436704
1203068
19449
1221532
398235
1102065
1452280
1178579
1270638
288731
1181340
1053121
1413719
1002193
1525350
35602
1350308
1321817
1584134
1188092
1173855
1564220
1426179
1548599
294331
1280740
1552176
1016511
1273748
1231626
1104831
1502916
219397
21932
1250535
1116347
1019240
1448411
1464003
1370835
1097193
1117648
1281350
1428182
1363548
265502
151191
1341149
1393881
1157952
14845
1242919
1438347
1190243
183476
1160919
283622
1393423
560900
1090170
1291672
1559428
1484100
249857
240057
1302447
1452703
1347099
1144907
1428219
149565
11152
1286225
1252284
1330678
1378004
1514596
127909
1184574
1050583
141887
1145961
1031179
1336804
1241763
1435996
1375376
1221698
1416842
1434331
1502364
161107
1322727
203360
1065290
1428573
1274144
416519
1500599
1275395
264348
177126
1025798
1592999
1151391
581055
1444812
1202391
1139598
1042132
168584
302181
1294300
452791
1136551
1321902
1236681
1258863
1463094
1243295
129318
1530265
1219606
1483992
206219
1334952
237041
1378989
1028154
1316037
1515433
1446280
1426725
236713
1292269
1442340
1311706
178482
1165114
1056390
106020
1313088
1308553
289962
1510446
1063461
1200375
1547068
1413620
1592272
1280344
1078546
1226997
107660
278997
1030887
1528819
1481397
1121727
1100657
1475278
1016538
1261088
186777
1403101
244356
1580415
1254934
1252098
258596
146195
1422457
1039575
100509
1053535
232920
1241956
1321908
1041704
1176572
1016483
143265
1150595
1021916
376151
1010097
1462884
1466410
1536808
1111714
293917
41392
1402553
1089524
1447272
1590801
1579637
1334918
1183945
220086
117599
1570105
1122170
1396321
1428943
216554
1246817
1403403
1111194
1414532
1130616
1220491
1547674
17647
1502697
104712
1004642
374005
1161570
1098886
1499504
1417137
172988
146715
1105099
167842
1474574
1205162
1337073
178533
1074202
1268605
1513899
1198803
1395531
1512521
221601
1001692
140490
1590782
2379
1217687
1433437
1347968
1083551
1123352
1261065
1344760
196462
1317077
381867
1211058
1503833
1123267
35583
1290153
1549482
1020056
1453870
1411150
1429916
1491741
1442588
1466079
1056904
1479353
1302003
137393
1167296
1413407
1583136
193609
1289308
371663
22849
1470687
1473236
273400
285772
241468
1253275
1515915
1097752
1527347
1286317
1070836
1529353
1468283
1487520
1536119
211230
1370621
1216847
1552206
1069386
1116382
125527
106483
1069836
1060150
1458217
1544478
1442321
42204
1121152
117762
1361640
1168295
122940
345033
1474478
1503711
150584
1534391
1438079
1168516
1516219
1538281
1531704
1434330
1567427
1276533
385213
1055641
1391802
1132904
1031779
1305116
1316974
1113871
1060270
1336867
146357
1260535
1393356
1409423
1532822
1040686
1397794
191675
1155226
1321416
1219031
1371753
1468180
1562477
1034235
1383219
1280133
1431089
139006
1472192
214565
1164430
1436285
1320679
279798
1277646
1555749
156908
1164018
1504683
1081354
1137517
12868
144130
1136040
1160025
221810
1003559
1115884
1210460
109550
1190503
1242861
1218055
1076811
1376298
1226951
196714
1528506
1380963
1500714
1363634
1206593
1298745
1532834
109043
1228211
1008759
374143
1205008
1160851
1035200
299520
239164
197552
1043594
1405226
1109232
1235954
17159
1537887
1292822
1335440
216670
1436717
1365369
117281
321656
1267039
1326245
1341601
1038209
1244230
1463081
1285898
1484336
1002760
1505235
1311805
1346227
17220
1498047
1532265
1089327
1372880
1070353
1571228
1578209
19230
1529682
1292488
152997
1158945
1417935
286173
1296973
1175582
1096631
1579393
1018544
1429241
1179342
1103927
521657
153555
1178503
1022123
270465
1380574
1006128
1397737
1177029
1241107
1032572
1371490
1181813
1350423
1461661
284768
1221667
1164593
1364527
1398975
1428523
1058044
1096777
333710
1324824
1208947
1293189
1299749
148813
1064500
1142522
1456891
1274350
1348311
1399580
1427164
1329529
1176917
141383
1365429
1418259
1544136
1498508
1554617
1159485
1381660
1504994
1130861
1523572
1468886
1333157
1140607
1065355
107101
1374346
262456
141385
1275957
1265135
1096016
1049886
1360419
1471788
1423530
1004744
1249536
1158925
355473
59609802_1.031275
1054543
59609802_1.026071
1262851
1137684
1017217
1393980
190866
1022672
221141
51196
1055652
1086486
1079564
1142560
1023588
260019
1339742
120921
161079
1168757
1502573
335673
1430924
1069316
1214914
216808
1186121
1443576
1507016
1514664
1588113
107374
1356146
1015656
1449306
1422496
452702
389972
1422287
1420678
1008443
1448021
1292676
191673
1359035
1177558
1191575
1172431
1453591
1269818
145843
1474939
1348446
209951
1451258
1253547
1092181
1468368
1554036
1471789
1215975
1388411
1436206
1299016
1344416
1443900
1094807
1412631
1182188
1115142
1115245
1117433
1404990
1125822
1315341
1277125
1438102
1040991
188695
1512512
1411549
1070237
1128364
1259985
1163451
1209772
1532687
1465672
1304549
211050
1183043
1252456
1213979
1001893
1143815
362158
1093060
1574755
1578926
463645
1008979
1561963
1340038
1116413
1561356
1510317
1349032
1027565
1410619
1142261
1159823
1521160
1147567
1060662
1193789
238359
1071329
1158653
196479
1035089
1182005
1234257
235071
1106897
1118774
1171556
1070593
1192473
1123376
207824
1475107
1120024
1461423
1592743
125526
1110432
1528558
131829
1442181
1176611
1506270
103428
1026772
1136167
126207
1223788
1534619
1169501
217107
1003671
134386
119086
1142202
1005952
1150819
1245286
1060689
1078651
159082
1442763
1262034
1463567
1055802
416035
1080665
223405
1338872
1091605
1214053
239877
1032947
1154629
1045120
1052045
1278588
395427
414249
188051
1462660
157499
1401440
6063
1198043
1389017
1241490
1049146
1112974
1285275
1107188
457287
1022841
1307997
132944
320088
1140781
137840
1201443
115675
1553222
1390372
1026622
1183589
1498408
1182382
331956
1257108
1167382
1556374
128606
25263
1121493
1375380
1414622
1349965
1142454
1178246
1017900
1309049
1160932
1047324
1207862
1299440
1557860
1291054
1473318
1173278
1247175
134641
1159647
139531
1237576
1284181
1393345
1508868
274242
1333572
1397582
1004177
1040368
1022253
1270936
1116176
1242088
1369991
1388795
29550387#1_1.028723
1290894
164140
534940
1410468
1153489
1505160
346047
1315287
118911
155700
109245
292214
1004018
1389006
1593001
1475271
1080925
1295619
196328
1176151
1044845
1587556
1005141
198419
522321
59609802_1.027207
303746
59609802_1.026833
1427042
59609802_2.026915
1122962
59609802_1.027990
436050
59609802_1.032165
1107837
1389393
1492327
1370453
1105418
245947
1152362
1554380
1080430
473825
1465045
169979
255295
1263400
1182414
361747
1511815
1144059
156749
1574060
1089612
148547
1316369
1276943
1237861
1300133
1292726
29550387#1_1.030731
1408284
29550387#1_2.027972
1366221
1434473
317248
1268670
1526402
1005297
333183
193610
1110741
1087210
1351193
1391853
1308521
29693
191203
1382882
1026166
1502770
1459448
161362
1568686
1048922
1468286
1110851
298308
1420182
306386
1524688
1467091
1250220
201824
1215303
1413111
1159982
1234009
1360223
1541492
59609802_1.030080
1455319
59609802_1.027225
1403729
59609802_1.027464
1327236
1029684
1124743
1430432
1350430
1338027
1396606
1161940
1048148
1205546
266318
1426080
1326473
1028898
1432601
1013596
1106243
1162776
1441399
1147405
1031171
1019725
1323657
1484112
1143069
1317076
173636
297180
1386253
1372832
1010976
1018367
1169223
1090169
1137139
336076
1585212
1151563
1156550
1358282
1066404
1146402
1058986
1099888
1080990
1309085
166168
1367760
1032528
1007237
1481015
1065504
1290792
1480381
39540
29550387#1_1.027403
1174602
29550387#1_1.030061
1588644
29550387#1_1.031751
1411033
1255872
223820
1370401
1151288
1000077
146430
225970
1389171
1323104
1350774
1396296
309897
1268430
1098341
1488230
144841
1588968
1229301
1265939
1299269
1421368
1146544
1016245
263918
1395194
1012556
197385
1036765
1406953
1138868
1188417
1444879
1575059
11881
1551797
1340866
1573575
1425267
22505
1486538
1194322
1103788
138560
1587153
1339734
1426276
166111
1114231
424027
1142018
1118262
1482276
1214223
1295536
1106974
1096081
1075498
228209
1479106
23896
1099531
1390990
1553420
1346403
1093381
1158439
1178608
105837
416034
1110467
1220189
1045449
132168
1231335
327985
1320910
1555906
1177746
16347
1288599
1074534
1106710
151790
126732
1084843
1125534
322121
1450270
1389449
1432034
1541182
1255713
176054
163303
307192
1148939
1254340
414039
1574879
1066535
1556746
1256089
1566871
1446598
1536281
1135052
172917
1543875
1499858
144866
59609802_2.027196
1224143
59609802_1.029342
202284
1412397
251169
1484647
1528832
1401701
1415337
29550387#1_2.027254
1438590
29550387#1_2.028218
1478986
29550387#1_1.031472
1154288
29550387#1_2.027525
1524468
29550387#1_2.027132
1410730
1348035
122291
59609802_1.026541
1098233
135767
1347877
1030279
1498466
1055637
1221066
20021
1186343
1028915
1253185
1495442
1196333
1437887
1407946
133076
221345
1531475
1235329
1254980
1286935
1334822
217478
16709
1023619
403732
1228168
1092724
1501793
1153297
1104844
118046
1387877
1544170
1463095
1455142
1320724
1014883
1005076
115153
1495096
1452015
1535247
1523157
1038417
1177958
1583515
1220190
1283997
248902
1227992
1284609
1449348
1051952
1312121
250120
1094762
1562476
1223274
1556353
1033935
1284180
1224686
103741
1209722
1313087
1556126
1521611
1452791
223309
1490121
1533220
1115557
1425783
422267
1375993
1422673
29550387#1_1.031817
1564723
29550387#1_2.027072
1394073
29550387#1_1.031934
241646
1216532
1360570
1346628
1547685
1384611
1020932
1122160
1413993
1490927
509069
1315597
1165213
297575
1448335
1098641
1353269
1216222
1535880
1105875
190556
1585637
1402360
1415814
1365694
1220435
1542275
59609802_2.026299
1024233
59609802_1.028603
1239849
59609802_2.028129
1276076
59609802_1.028326
1112664
59609802_2.026682
1489542
59609802_2.027790
39784
59609802_2.027114
1162253
59609802_1.028269
117499
59609802_2.025699
327114
155569
1033462
1511913
135248
1394218
1063852
1380087
1202125
1158007
1249951
1422675
1480384
1253696
1010955
1462245
1403443
1390921
1270176
1459837
1347838
1160015
1100273
1552667
1084427
1483985
1411730
59609802_1.032167
1347238
1334265
376137
1261044
1113689
1575640
1072779
282650
140550
1113752
1001909
1429161
1034659
127713
1148159
318077
1002761
1250748
1094197
211049
1430856
1186841
1181155
1406017
316406
1318452
1556271
1040685
1421583
1132112
132305
1151347
1127627
236224
1437302
1094969
1544963
236374
1378613
1435005
1462175
213181
1486413
1155061
1464587
1452345
340540
1396917
1046793
1175175
3342
1451017
1141432
1218719
1462661
1042037
235852
1430196
1314533
29550387#1_1.028146
1390345
29550387#1_1.030599
1088625
29550387#1_1.031700
1136531
29550387#1_2.026941
1313645
1066185
1329892
29550387#1_1.027986
1056608
1254580
246809
1230151
186630
1592727
1541679
382314
209169
59609802_1.028742
1523015
59609802_1.028470
1432683
59609802_1.031002
1216675
59609802_1.031127
165204
59609802_2.026736
1426113
59609802_1.032041
1590416
59609802_1.029147
1063023
59609802_1.029729
1407518
59609802_1.027743
1427402
59609802_1.028614
1214623
59609802_2.027901
1205029
59609802_1.032046
1059117
1026463
102053
59609802_1.031245
1391102
280543
1031798
1236953
1287296
1076503
1469060
290009
441025
593118
1204817
1187047
1227290
1353186
1374814
29550387#1_1.030186
1005475
1247365
1167665
1395379
277380
1499650
1296262
1343440
1136773
281192
1454696
116601
180532
1529838
1138853
1177361
28566
1581579
131075
1528983
1061480
1368181
1282408
1542030
217401
1030546
1329536
1392415
1179555
1493940
290104
1044262
157537
1012390
1459226
1259984
1388913
1106725
1114891
1048880
243525
228520
1352791
114106
1105136
29405
1496912
1107926
147731
140083
1124578
59609802_1.028437
1396914
1200683
1150416
1401652
1390314
318549
1054123
1240649
1349722
1185507
172660
296585
1139048
1576107
145378
153792
1255524
1503288
1167664
1487982
1490789
1355730
1024270
108296
1332197
1581226
170064
204445
21061
1506394
130732
59609802_1.029706
1337650
59609802_2.028131
1028313
59609802_1.026757
1268873
59609802_1.025743
1260298
59609802_1.027750
167068
59609802_1.026169
1088279
59609802_1.029581
1345211
59609802_1.028175
1298997
59609802_1.028185
1544770
59609802_1.024967
1592972
59609802_1.029311
226954
59609802_2.027234
1444223
1380652
1487792
1141224
1044772
15096
1461912
14033
116309
336075
1502855
1045199
232916
1276843
1340454
120934
1289139
1271589
1047103
1502273
1306624
1511189
1403994
29550387#1_1.028098
1535054
29550387#1_2.028265
1557172
29550387#1_2.026309
1277431
1510644
259675
278881
1186920
400080
1487945
1501986
1120764
179695
1349454
1274531
1567498
1537376
1185299
1290052
1018637
1318199
1131270
29550387#1_1.030188
1222508
1206888
1338690
1263106
1156601
191540
137339
224178
1306870
1031482
1166386
56818
1526736
1205878
1189757
1540765
206194
1406349
1169559
1562593
1188165
119578
1122581
1555789
1234998
382362
1348624
1463181
1255199
1412498
1194786
29550387#1_1.028524
1168890
29550387#1_1.029852
1155023
1592484
1377844
1567784
133511
1084193
1185924
1348759
1507366
1248127
12109
59609802_2.027471
1544832
59609802_1.030577
1182259
59609802_2.026606
161092
59609802_1.030333
1313286
59609802_1.029058
1428370
59609802_1.026286
117287
59609802_1.029267
1531389
59609802_1.026009
1394536
59609802_2.025874
1532125
59609802_1.030313
1467090
59609802_1.028129
1115753
59609802_1.029260
1565626
59609802_1.026570
125866
1006127
121469
1396916
1576408
131336
1154292
1108144
1408770
29170
1035701
1229134
115190
1038791
1560916
1046774
113750
1154526
157872
1034803
119361
342894
1182563
1260368
1318356
215678
382561
1423602
1187160
1105756
1519977
1301967
224276
285890
1212530
114243
1050702
1497516
17234
1200605
1201287
1047725
1095198
1464148
1003050
1495162
174751
1034796
1250740
1347612
1353742
160292
1279576
1171340
1194908
1548956
1564374
1117301
1260843
1453673
1152839
103965
1262538
1329678
1443315
144665
12517
1110354
1500110
1117222
377707
1360750
1522822
143230
1064943
43402
1038049
258004
1151023
1352117
1542709
264692
15205
1274816
364078
1450449
1466025
206660
157564
1427051
1398049
1487932
1189263
1054674
1077001
1451145
1555101
1531224
145817
172159
1380368
1124039
155468
1374124
1018508
1210242
1382125
1062709
1412446
1008604
1156646
305130
1116787
1375479
1116583
169310
1548561
1559627
1383422
1178698
1437280
1244009
204999
1367589
1368506
1573625
206914
1001503
1038101
1016716
1346288
1426342
246597
1483186
1421012
117181
1520827
1483346
257553
1096189
1412410
1253886
1016812
1198580
1503679
1521474
1157484
1314176
1263433
1566074
1299741
1030063
1433605
1189223
1156014
1294993
1341961
1247727
1107440
1191346
312797
1245081
1315024
1531465
1150467
208250
1208200
274872
1209456
1193613
1390504
1073165
1578394
121144
1344752
1252798
1023822
1072419
1134818
1551121
1049810
262362
1386139
205657
1125308
1073897
1345807
216721
1349227
165149
1406309
1340447
105974
1272240
1078694
1322674
1388937
187398
430601
1291871
1438774
1573336
1205230
146141
1165180
302427
1493235
1086936
1405580
180581
1309345
1290383
1307860
1353243
143237
202338
1318002
1293336
1021178
102045
1372371
1174714
1437546
1116631
1434938
1539681
2294
1547216
1364065
1064929
132664
1239939
1458212
1058390
1413648
1122745
1068316
1077815
1339545
285040
1199148
132278
1026468
1210453
1357113
119617
1008584
1136664
173217
150145
1311847
1329766
1279391
1124627
1524906
1427742
388977
198506
186468
1553166
1554444
13207
1051951
1085683
1009314
233759
1103859
1416615
228071
1445566
1568196
1196270
1343999
1578465
1230089
1083622
352944
1181278
1143971
1388623
1526088
1149860
1150863
1549561
1214356
1125490
1454272
1040907
156714
1328589
1197726
1251460
1337388
1296381
1227666
1296182
1289311
1066671
134324
1344833
1042639
1293208
1187599
1309437
1049291
439237
1457876
215175
1408180
29094
1148151
1514389
1306641
1305764
1001967
1178716
1516938
1195907
302825
1565089
187341
370662
1091873
1498670
150632
383439
1502357
1278638
1282189
1080591
1105065
1302302
1031817
1127744
1321015
101668
465309
1080919
1511680
1230897
1486632
1368838
1379159
1094107
1587638
460897
1282561
1540294
1484953
1093837
1342731
142765
1317131
1374612
1117613
1318264
1119836
1211767
1107020
1050809
288644
1133277
1036056
1135099
264982
1404604
1440486
1534904
334491
1117716
1212999
1367061
1325903
1339846
146455
1316063
172063
37193
1552337
1326869
1385816
1045006
1170729
1089464
1123618
110523
1104979
1041830
1099857
1450768
1416399
1061300
1491739
1021866
125139
1336746
1110580
1277334
210211
1454305
59609802_1.024903
1511345
1576460
239633
1370237
1162236
1557562
1006775
1242933
1283519
1214323
1233394
349980
1331998
1105659
1094255
1274675
1426922
1402198
1280353
1043900
1576549
117316
202714
1509880
138811
1052464
1241066
317498
269702
1488797
1466760
1381297
1191680
1328466
191960
1187999
412302
1198434
1003334
1569283
1036570
309494
1172988
1580977
1164650
191846
1510909
1272820
138187
1353501
1480646
1577752
1374780
240659
1181252
1169621
228870
330437
1156546
186241
10909
210789
1353149
1500549
1568491
1330169
1156796
1575239
120962
320670
1291657
1591675
1365913
21700
240291
1525573
1515988
1180408
1091094
268574
1111848
1470031
1047153
1561853
368087
1461133
1294283
342192
1587817
261109
1173669
134062
1372237
1264303
144733
1414490
1074847
104908
1439435
1208651
1389867
1301821
1262940
1098098
1093751
1306290
296533
1524791
1573593
1356251
1121738
1351528
1429182
1077460
1222571
1294673
189054
1296877
225635
21866
1288383
1419531
229766
1374380
1386782
1194172
2271
1445106
1420859
1269398
530177
236814
1081057
1460158
260448
1143258
1454224
151555
327025
110804
1059168
1341819
1467765
1491507
1395464
1092563
386040
1065180
1127745
1489503
142669
1332764
1264461
120890
1575034
342487
245111
1173873
1546319
59609802_2.025898
1143725
1174035
1276147
526311
1585347
294261
1063283
1190157
1100630
1459017
1496427
10241
1205816
266327
1245997
133485
1173522
1341927
1311083
102670
154641
1356007
1355084
1252377
1402206
1339339
1571728
317543
1519135
1364575
1463726
1102219
1574546
104028
1392102
1421715
1215013
29550387#1_1.024956
1389338
101041
1258059
29550387#1_1.022105
442038
29550387#1_1.024906
1543384
29550387#1_1.027988
1064423
1265473
1529845
1347813
274779
1225317
1056923
1245755
1379950
1429399
1388920
1551127
1389254
1249865
105843
1199355
1293235
1550705
1376181
1115313
1511922
1304941
1305140
1001218
1186973
1243078
1207892
159303
1360325
1543564
1303873
1105357
1222570
1024920
1172851
1000977
613341
1371863
108719
1477391
1454108
1099672
302840
1060297
13081
1469114
1010419
1351002
1493687
1480183
146532
1363657
127849
483131
1449957
1008619
1051625
260133
1087401
59609802_1.022938
29042
59609802_1.022895
1143151
59609802_1.022800
1134455
1501842
1226961
1379710
114359
1086224
1573852
59609802_2.026328
1330903
59609802_1.026100
1292727
59609802_1.028850
1153563
59609802_1.025752
110188
1338125
1359558
1235976
1132105
264135
1487391
325080
1474777
1372495
1331102
1473658
1560901
1391128
1005349
1592371
1225417
1470436
1479816
1371750
1284851
1093198
1210195
1353959
1104454
1187330
107642
1167270
1242505
1544564
1395437
1054446
1047389
1204565
1099807
1223181
1270048
178240
1365604
258313
400347
1286710
1235522
1351304
106995
203859
1400351
340762
1075592
1371749
1412701
1178300
1125914
1238666
1315254
1120298
1027449
1571515
1097567
1089903
1291710
1182077
202588
1071549
173058
1182207
1206146
1073317
1066280
1182732
1484476
22453
1057862
1336798
1461627
294653
1234428
1495025
1571730
1397740
1368041
1341404
1218812
176294
100891
123790
114572
1275291
294154
1416707
112351
1152058
157688
1240089
1132707
1574709
1364814
1034520
273676
1575637
1446064
417518
1082721
1481219
1313516
178897
1204380
1212361
1288175
1520677
1352958
177433
251185
1117422
401715
165773
1098122
137834
1263744
1332107
1322690
1279286
1407551
1150176
1090610
1593397
1367667
1261875
1394800
59609802_1.025842
1292356
1043070
198081
122301
1304209
1453717
1129678
1537712
1190839
1527986
166505
1482453
1582507
1047362
1405406
1375748
1081842
1328139
25548
1162313
1417612
1529609
1291311
1568231
125302
1335073
19441
161563
1365328
1578283
1002873
283171
1197539
199156
13435
1115757
294436
1088759
468862
1177794
1353014
1419379
1374856
59609802_1.022773
19551
59609802_1.031249
120957
59609802_2.026096
1204999
1089729
156691
1298144
1163576
1155085
1244681
1193833
1378592
146420
349314
1405882
1138288
1499834
1260586
1076478
1489774
1260067
1379451
1563776
1029811
1046884
1255453
327892
1132209
253111
1056465
1215226
1288113
1162376
1493731
1259783
127217
1508217
183229
1172448
620642
1179809
344237
1032524
1284925
1441020
1270547
1458221
199182
168684
17162
1173060
12940
169809
147284
210252
118842
122498
1018355
1312734
1468523
296202
181701
1172746
1091834
1121968
1178847
1278470
1085059
1081384
1217437
1444452
186432
1322128
1008352
15076
1027342
1357212
1358174
233912
177544
14384
1466998
1257034
116768
1271914
1312401
27983
1270629
129390
1378595
181305
1346580
209920
1582952
1379111
1476784
175984
1044732
1009306
1421579
347085
357022
1585881
23715
59609802_2.026766
1006020
59609802_1.030755
1282535
59609802_2.027396
1378894
59609802_1.028493
1522742
1299072
220913
1403451
1088767
1328897
1386899
29550387#1_1.031239
165301
29550387#1_1.027678
1561011
1503170
1465906
1220490
1095141
1174547
1124883
371222
1298328
270808
1304167
366023
1048991
153584
1402063
1178091
251727
223699
1285271
1054255
100805
1132719
1458808
1445460
1395639
1327845
236014
1486838
1565951
1272720
1440202
1296351
1421384
126410
1270013
1163102
338342
1293047
1190177
1366196
1111504
1481949
1004624
255576
129946
1270118
1346467
116125
1218165
1289435
1402418
1229530
1583273
229577
16599
1122392
290424
1130029
1080416
1105727
1403624
1415746
1457848
1407320
129410
1302826
116852
1551265
1539825
240344
18050
383690
28429
1480092
1149954
306906
1353298
1504611
1552561
1522415
1464377
159662
1438556
1252075
1183314
428346
1248965
193029
102216
422688
1150232
1465271
1016188
1353397
1115306
187171
1495017
1046595
1258155
1156074
145844
1084408
1535662
1502678
1060197
1043030
1593210
134025
193000
335732
1500367
1349664
1580395
25367
1461127
1525713
1429636
25083
1129442
396405
1254342
1394324
1253613
1304610
309385
1385311
1426003
1446279
1019968
1461265
1038245
1167552
150686
1019349
1340243
59609802_2.027209
1464575
59609802_1.028961
1281252
59609802_1.030160
1067595
59609802_1.031601
1276509
1281022
1382852
1118166
115626
1283082
1225244
314645
1279498
423004
1352
1136245
1180850
1366216
126750
1491795
17811
59609802_2.025721
1371050
59609802_2.026719
1396642
1435580
1161898
29550387#1_1.026008
1175109
29550387#1_2.027089
237605
29550387#1_1.027667
1035252
29550387#1_2.026805
1569403
29550387#1_2.027034
1182985
29550387#1_1.027264
1208247
29550387#1_1.029453
146295
1341616
1556162
1089568
1074306
29550387#1_1.030466
1321700
29550387#1_1.029178
61226
29550387#1_2.027746
1229009
29550387#1_1.028320
118884
29550387#1_1.030092
132934
1483525
17385
1164475
1222802
1031552
1234452
1495039
1273668
124840
1437788
1412773
1492676
1134378
1577734
1236281
1177325
1018998
311237
1530520
1105101
1204421
1228674
121266
1179653
1476370
1117390
121377
22466
102886
317910
1067652
1474672
1314492
1094933
29550387#1_1.029650
1232028
29550387#1_1.026526
17267
1503124
1491806
1422265
1214439
120140
1526429
1259593
1078486
1349436
1567514
104390
1165618
1428365
1251330
159927
1406939
1183323
1563280
1406715
39112
1217617
1334824
1385507
1457967
541286
1043295
1545415
1471784
1244093
1452904
1520115
1517732
107841
1200376
107496
1231752
1153296
1092669
1479835
1336475
1295150
1011835
107087
1313179
1508239
1321648
1339888
1090688
1033117
1108804
1002852
1368446
1574693
1280754
1255612
1242637
404527
1158755
1503968
1360816
59609802_1.028545
1465289
59609802_1.028808
101816
59609802_1.030574
145932
59609802_1.029677
1349410
59609802_1.028478
1583397
59609802_2.027987
1419876
59609802_2.028300
1268725
59609802_2.028327
1326800
1529192
150609
1201007
1007489
189193
1543621
1232847
1123034
59609802_1.029070
180321
59609802_1.032287
1085759
59609802_2.027003
184656
59609802_1.029461
1111797
1267342
1459874
1315378
1231392
1564168
164436
1391013
195182
1428218
334295
1183248
1247176
174537
1075371
1121702
1130327
1045194
1574565
1023086
1330939
1002405
1151622
188503
1572251
1027190
126889
29550387#1_1.029640
1543894
29550387#1_1.031873
1568525
29550387#1_1.026711
1409578
29550387#1_1.027292
32681
29550387#1_2.028112
1277743
29550387#1_1.029280
1524109
29550387#1_2.026695
1315393
200132
1496372
302715
172987
16708
1503120
1404284
1566222
1103884
505042
1153632
1378907
1504682
1379163
1017030
1048323
1196514
336161
1038676
1269127
1267581
309395
1341590
1444926
59609802_1.030091
1387795
59609802_1.028724
188491
59609802_1.026222
1058766
59609802_2.027954
189478
59609802_1.030038
1077404
1068145
1195400
1167891
1025334
387667
1073440
1180277
1070716
1189949
204347
1103712
1255805
1043855
193071
217940
233902
1014121
1273955
1324422
1441996
1453269
1124106
157946
117429
1558924
1074530
1143954
1250760
285145
125689
212548
1082611
52648
1045106
1367086
1036813
500981
1323010
307242
1040758
1319685
430338
124654
121046
1177943
295385
347583
1396685
1333578
1053647
249023
1267892
1288359
522889
1447289
1481021
1082886
1273529
1162775
1333081
15754
1090916
59609802_1.031691
1232597
59609802_1.032044
1156831
29550387#1_1.029721
1067499
29550387#1_1.031390
1263803
22922
368971
1521525
1334865
1379968
1168759
1351151
1200997
1188846
1078361
1135764
1592953
1327996
1274544
1123638
20169
1005019
1252817
1503326
1209492
1373677
1148219
59609802_1.027481
1570635
59609802_1.030619
1014868
1231140
1424929
1492444
127507
1314914
1592828
35782
14843
1055211
113932
11141
1296572
1310165
1208948
1327333
1123557
1269347
1405482
1341622
1480385
201714
1437318
1108016
1467092
1219748
265998
1515226
259508
1592986
1471339
1191032
1427165
1313263
1000670
29550387#1_1.026027
322446
29550387#1_1.027850
1031581
29550387#1_2.025798
1388427
29550387#1_1.030999
1128379
29550387#1_2.026847
1039058
29550387#1_1.030399
281333
29550387#1_1.025119
1088972
29550387#1_1.027947
1372677
1410380
1054496
11164
231279
1563582
233965
1239041
284386
372667
1485304
1212092
1093368
1417286
132381
1083607
1543876
1534673
238418
24806
102357
1296424
224767
1014566
1180293
254718
1166779
129022
126568
1072762
254223
1403450
372029
1000784
180039
1096776
1229330
477324
1138805
1453391
133384
1140805
1278032
1383080
1283101
1303651
1141025
192259
1577750
29550387#1_1.027210
1382836
29550387#1_1.027393
1334230
29550387#1_1.031949
210732
29550387#1_1.031649
1516397
29550387#1_2.026998
1557878
245012
1517197
1151527
120189
1171866
1491725
1552544
1203702
1584774
126622
1117099
1478742
1120509
1211741
1134135
1141201
1251600
1007374
1254588
1351978
1214874
1343074
59609802_1.028873
1003729
59609802_1.029572
1330871
59609802_2.027472
1309484
59609802_1.027684
221368
59609802_1.025435
135575
59609802_1.026228
1050319
59609802_2.025796
1504581
59609802_1.028254
1426938
1136420
281419
1473094
1277356
10614
1171423
1540388
274674
1085777
1529269
1387700
1162793
1060845
1026124
1054101
1212863
1363595
1117915
1456990
1222671
136079
1322847
1447290
1061327
244810
1164350
1339960
146152
1410409
136757
1091040
1009849
1217686
1421250
1178542
1563015
115568
1096
1520988
1211167
1288080
1263932
1203014
38793
256687
1166913
345480
1369351
442008
29172
1373055
204449
482320
1056002
1082723
266885
1147441
1115490
124710
1090573
1379188
1022119
59609802_1.027805
1524397
59609802_1.027847
350214
59609802_2.026194
1129635
59609802_2.026081
1409279
59609802_1.028872
180128
59609802_2.027374
1065536
59609802_1.028411
1139414
59609802_1.030211
1374832
59609802_1.026965
1141995
59609802_1.030159
1478458
59609802_1.028365
1254610
59609802_1.027340
1039224
59609802_1.028249
1404275
1185100
217337
1190044
1180382
1424201
1560099
1190840
1534169
1060464
1478349
1351631
121195
1299923
1313955
1387621
1542336
29550387#1_1.028642
1282116
1259829
1354860
1069800
1314634
1186804
1405481
226478
1577414
149152
1300668
1223619
1256462
295060
1372309
189566
1367030
1506144
506683
434027
1067366
1516414
1434681
1493682
1564889
1556367
361357
1211553
1541205
1213032
1083677
1253905
1210521
1188416
1350037
1569494
1509504
1099530
1438232
1406952
1559129
163384
3763
1446683
1374203
106638
1095297
1410595
11701
1484111
164411
1402597
223157
1226225
424058
1210108
1004655
1345247
1245788
490503
1154202
1136104
308676
1491740
1224393
1177127
1333999
1585696
1086421
1078545
1092524
1468282
1497172
1203857
176427
231022
1418212
1072661
1510161
29550387#1_1.031984
1292550
29550387#1_2.027473
1408341
29550387#1_1.026624
600668
29550387#1_1.027205
1021779
29550387#1_1.026564
1169439
29550387#1_1.031925
1172427
29550387#1_1.031807
1093967
29550387#1_1.025866
176685
29550387#1_1.025860
1346506
29550387#1_2.026358
1485460
1296677
1283650
300843
199916
1018366
1557719
1313086
1522046
1502280
1042006
59609802_1.026517
1001783
59609802_2.028135
1073354
59609802_2.026511
1102125
59609802_1.028206
1153838
59609802_1.029854
143456
59609802_2.026919
1530393
59609802_2.027879
1576532
59609802_1.027193
1589213
1275373
1519692
1543491
1046968
1489017
1447202
1184452
2971
1016537
27475
1020857
1228127
1521491
1454287
1017271
277379
1400001
1303759
1589332
326914
351608
127979
1204137
1355989
14394
147946
1370330
254022
1124874
1095627
519152
1060772
173426
1115461
1552987
1532295
223218
1063832
1270946
1396627
1082885
381338
1250764
1529147
1308266
1087121
1548050
279026
1267822
316405
1293046
1212911
1258862
1369391
1046685
1238624
1403755
1487910
143654
1284240
1178155
1401270
207300
1137090
1065723
1384608
1003397
294848
1134582
1519594
114504
1452263
1254219
1280151
392860
1233914
1370300
1569553
204943
407040
1205902
1196814
1265567
1381609
188089
250231
473666
1135305
494702
1173024
1499968
1132663
1219834
1080128
240078
124368
1040058
1299724
1423087
360400
1548008
1439680
1039383
1030479
1200881
1233709
1109843
1562691
1407413
131611
208751
1162382
1050260
184380
1268799
1389650
237731
1194439
1386703
1179172
200335
1279662
176890
1013068
1359360
1077575
306790
1127623
1524247
193259
1458742
1478108
312681
1371947
1117309
1356680
1147043
1127883
1012933
116928
1582361
1530064
1018564
1326168
1074248
1220621
249735
1098682
1177124
165879
1361627
29550387#1_2.027591
1481128
29550387#1_2.025706
105841
1543216
1555329
29550387#1_1.025837
1413423
29550387#1_2.028044
1313964
29550387#1_1.023084
149361
29550387#1_2.026586
1191706
1374830
1101595
1186008
1469818
1286251
1454910
1029994
1348566
1567611
176366
1190059
345986
1156789
195229
214858
1514388
1326120
500860
1317453
1560137
1467789
1395046
1282514
1133873
1591681
1358822
156335
1126569
1130098
272033
1278416
36009
1228302
1527540
1426794
302892
1326705
1243654
1006190
1195498
1136434
345508
18137
1140831
59609802_1.027175
1384907
59609802_1.027306
1256145
59609802_1.024895
1008302
59609802_1.024795
1157974
1538487
1267431
1456391
1121892
1579479
1093260
321032
1498373
1422880
127048
1477534
138682
1415262
1225165
1070546
1435501
361960
1014367
111512
1210039
1521762
100890
1127189
210975
1522837
116374
1325092
1542540
1398031
1109261
328864
1590960
1454266
1191690
1097872
175651
1029725
1216810
1480678
1308744
1574277
1479131
1378197
1200882
1205457
1227087
1060687
563900
1194430
453517
1480325
1276955
1554929
468664
128281
1368835
1544753
1251945
29550387#1_1.022435
1468410
29550387#1_1.021851
1014754
29550387#1_2.026409
147464
1332136
1036798
1048764
1191132
1453790
1307015
1352806
1474091
29550387#1_1.029159
144281
1049373
1240214
1070408
1081396
134495
1457501
1126048
221139
59609802_1.030094
269761
59609802_2.027001
176604
59609802_1.024941
1366209
59609802_2.028121
289740
59609802_1.026706
1333177
1387081
1318289
1467830
1485707
1340123
1373981
1496831
1127360
1128160
1144789
1579680
1588651
1348327
332107
1171569
122235
1443545
1178714
1007354
210854
1183233
1536139
1061777
1409285
29550387#1_1.024398
1235988
133253
122975
1617
1108189
104811
1537172
1532459
1087630
1302543
1037327
102159
1407881
59609802_1.029151
1088636
59609802_1.023082
1117107
59609802_1.026578
463901
1421
395941
1448890
202444
146280
1465319
1584202
1058376
152175
1233958
1390806
1358653
1453825
1093838
1247298
1169403
1383315
1375634
1390196
37240
1397680
1159394
1486098
1112599
1137919
1565921
1233135
121717
187157
140296
1158940
1417365
1580930
1574790
398825
1223987
1037309
1247145
1051172
1165073
1587101
1256240
1259529
1276817
133424
1236704
1066793
113878
1065264
1123407
29550387#1_1.026546
1337269
29550387#1_1.025167
1562535
29550387#1_1.026321
1104568
190548
418156
1220168
1350857
1201999
1229975
1128368
1498669
184189
1288790
1208692
1101490
1168041
481495
380456
1114792
292867
1552992
1110571
1132435
1032431
1296174
1390814
1265622
1135253
1393129
1099112
272145
1166348
1054656
1108761
1563402
29550387#1_1.023931
1055721
29550387#1_1.024938
1241567
29550387#1_2.027606
412838
1032783
1368940
1133783
1462047
1476792
1064000
1577524
1183925
1512318
1554058
146262
526394
1253661
184899
1044789
1428323
1367528
1209670
1485252
1324594
1268850
1210498
1334724
150144
1230335
1514822
1221533
355606
18638
1131419
1521595
286105
1587079
1319195
1268176
112260
1166258
1569796
1447656
1305560
254384
1181149
1457198
213721
1205403
201443
1246998
1387471
1134073
1202697
1496810
1157440
237096
1280380
1362522
1507759
1248735
1101652
142846
267757
1533731
1311307
259138
1217207
244756
1331912
1232159
1009367
1369456
1256317
1297456
1216919
1089902
1285197
205944
1416665
1263922
1092519
1213755
1189003
285513
1306273
1276700
1163712
1133145
1062171
202370
1462286
1082287
123289
1065559
1463725
59609802_1.022260
1484711
59609802_1.026716
45694
59609802_2.026338
1112440
59609802_1.026715
1153945
59609802_1.027466
146692
59609802_1.022183
1255695
59609802_1.025700
1088894
1028399
1390479
59609802_2.026435
1163459
59609802_1.027192
191281
1003674
35676
299654
122697
1079732
1164632
335081
1456575
1062909
1189197
225654
1393098
1297572
460513
1561784
1111233
119425
1326933
1387718
1110954
1159260
1558487
1507426
1018468
1457193
1099691
1219813
1062277
1141930
1363123
1206719
1070972
1334798
287138
1000252
182368
59609802_2.025866
1483068
59609802_1.027242
1222202
59609802_1.025456
1094001
59609802_1.023084
1447070
59609802_1.027536
344360
1055587
373772
231902
1126439
226281
73013
1274967
1076997
284302
1460878
1095830
1202720
29550387#1_1.025321
1318248
29550387#1_1.022372
524216
29550387#1_1.029461
1344778
29550387#1_1.028987
1163326
1148045
278243
129586
139387
1176299
1571048
1245266
1459339
1093818
1017750
1195171
1191075
1358501
36016
1541557
1575019
1210413
1134430
1063572
1425888
1187600
104651
1317266
1021372
1160655
1058466
100206
1556697
1342777
1086991
1113846
1394506
1144242
1543053
1366282
1354700
1482585
214794
183964
244518
126193
1484173
59609802_2.027941
1190386
59609802_1.027490
1473670
59609802_1.023889
1098059
59609802_1.022967
1053417
59609802_1.022722
1479341
59609802_1.027968
142172
1146213
373747
301202
470604
1122487
1299257
1498441
1112383
1443499
1077235
231955
1007101
1429325
1145845
102268
1579253
1437249
190680
1483999
33144
1006516
1502497
1101854
266897
176124
218649
109450
107626
1542257
115212
126070
1587748
1091713
1416899
314445
125381
1196571
1000315
237001
1578155
248343
1365240
1015171
1055480
208308
1277231
1149563
1515537
1532366
109311
1019845
1367332
1029619
1115608
1143484
1428856
1514750
1574548
1475171
1210454
1433760
1116144
1243296
1020846
1089935
1317894
1019300
1348606
59609802_1.023711
309210
59609802_1.024949
477791
59609802_1.025641
269554
59609802_1.026111
1250937
1184613
1418695
1039956
1468670
146644
1036036
1378325
1091234
260256
1126438
1084580
403440
1247039
1073135
1101820
1049439
14136
408196
29550387#1_1.028064
1525744
1297040
1139049
162012
1524543
1561086
1022018
1425043
1183907
106275
1022078
1591978
1545791
236182
1134678
1454062
1278062
191484
1472186
1453634
1454359
127081
1160933
137249
1103519
1354135
1484787
487740
1028017
1429330
205327
262705
1236261
29550387#1_1.028767
144368
29550387#1_1.028598
1344350
29550387#1_2.026339
109422
29550387#1_1.026313
440709
29550387#1_1.030404
221220
1335883
264866
1227098
1022713
1336600
406594
1124281
290571
1310658
1319807
1071708
254961
1168133
1147494
289406
1094608
286890
1229954
1528999
221401
1521196
1099315
1571212
1451000
51153
1155436
1050413
140760
1118373
173177
450119
1266082
467489
1547194
123150
1086163
29550387#1_2.027594
27191
29550387#1_2.025872
1377146
29550387#1_1.026537
1057120
29550387#1_2.026026
1253677
29550387#1_1.028204
155287
29550387#1_1.026638
148539
29550387#1_1.032331
1483554
29550387#1_1.025011
1085598
29550387#1_1.031109
1474292
1302805
1238585
174395
1018567
135500
1069016
1196400
1457039
1493939
1083360
145015
1158621
260918
131970
1064193
1589034
150328
228285
1473082
11108
168277
1523413
1367885
1489571
1578578
27732
1289581
222671
59609802_1.027662
1325493
59609802_1.030393
1207570
59609802_2.028027
1349825
59609802_1.026150
287
59609802_1.027415
1046225
59609802_1.027880
1128277
59609802_2.028218
1582443
59609802_1.028587
1546189
59609802_1.025953
1494362
59609802_1.026998
1472387
59609802_1.030431
1308217
59609802_1.031162
122664
59609802_1.028806
22132
59609802_2.028048
1242734
59609802_1.025903
188171
59609802_1.028544
250150
59609802_1.025729
1189658
59609802_1.027351
1350094
59609802_2.027971
1118590
59609802_1.027378
163667
1246688
1584932
1332602
1265900
1009096
1130664
104711
1408018
155056
1062740
182486
1269037
1244480
1291849
1249638
1093510
223201
134805
1290321
1272913
353033
1255525
1334978
1269139
1410449
1366906
1518435
1258933
1025258
1309572
1203460
1565774
1145613
1348625
59609802_1.029601
1269488
59609802_2.028228
1526792
59609802_2.027540
197901
59609802_1.024517
1417630
59609802_2.027797
1237547
59609802_1.031366
1193018
59609802_2.026550
124795
59609802_1.030293
1280828
59609802_1.029850
1087775
59609802_2.028104
1304065
59609802_2.028029
1165121
59609802_1.024507
1034839
59609802_2.028103
158685
59609802_1.031266
247847
59609802_1.031811
1150953
374797
1135489
13262
1393958
1448664
1456598
1249593
1287913
257082
1533882
288102
1113343
191629
1165460
1338026
1408224
1558513
1560358
1398649
1081591
1511302
1231393
1050582
338663
1538046
1089577
1424473
1090689
1235688
1016434
1019442
1373519
131554
1125760
1106799
143930
158220
1042118
113988
187454
405152
1274328
1344945
1004697
1560547
1114015
312014
1431721
1572944
1398448
146364
1285250
1002862
1516177
256883
1128984
1167890
1299452
29550387#1_1.031910
1193467
29550387#1_2.028130
1238102
29550387#1_1.031028
1118225
29550387#1_2.026108
1350142
29550387#1_1.026535
1102236
29550387#1_1.026286
327410
29550387#1_1.031549
1070022
1511092
1384065
1489339
1510031
1574692
1283220
105639
1416193
1008523
1526206
1487340
1107807
330863
1401229
1435460
1208845
1356494
1162492
164656
1358149
1213096
187645
1417769
1318724
348673
210503
1343388
146031
1157463
218268
1141697
1253254
1117764
1438298
1239201
1312789
308160
164420
1079470
1142058
1427650
1100468
1313036
151598
1592900
1094373
1167357
1482692
1499883
1527111
1122141
1195226
1415406
1331424
108789
1048932
1331957
407874
1237925
1252573
266753
132858
1029284
1310674
1571734
181807
1562191
1218792
1263061
314952
1266072
29550387#1_1.024371
1258222
29550387#1_1.022236
1075602
29550387#1_2.028084
164221
29550387#1_1.023738
1464138
29550387#1_1.024178
1447094
29550387#1_1.022807
1374076
1438841
119975
1010552
33337
226226
1407483
1383808
127872
1460834
1435970
1177802
1166065
1445626
1170863
163259
1480651
144615
1418487
1255013
1256563
1126829
1470749
1115845
162826
1528587
348919
100179
1502739
1288231
1121563
1112230
1294578
268069
1085416
1028991
101692
1047666
386849
1300078
237932
1398179
446633
1366057
1495088
1301713
1004166
1208886
1461536
218245
414806
1448019
1274743
1497419
1359524
1226058
1044650
1308645
284607
1069169
1428883
254874
1395224
286676
30242
129168
1403192
1110776
188066
1275580
1566455
1436990
1489521
128381
33371
1497729
1334957
1242109
1124626
1399911
268005
1026522
1373410
1277175
1083055
106695
1505696
1327369
1220867
1088803
205807
1053938
1147980
174153
1454229
1021926
1484909
168457
239180
1022148
1092270
1486438
121308
1128006
1173811
1572723
1209279
1186285
1394378
1362055
139543
1339166
1010191
1445385
1128282
1289765
29944
1455721
220645
1203069
249441
1155908
1365753
1352755
254790
1485821
1256542
1140577
1109209
1115360
1121489
1343321
1206722
1184448
1588418
1445925
121390
166551
1115484
1517717
1474025
1320975
1524409
1515955
1402369
1258767
158855
1276178
1019051
1075262
1457942
1225075
171900
1348367
1456562
1096363
1333178
1308183
1308465
265404
1282764
19368
1152600
188424
1084572
1183198
1448748
1115880
1560483
1502416
1537595
1255704
1105320
1341315
1061365
1318331
1183069
183205
1488268
1202305
180804
1389315
122418
1540791
215137
181234
1250551
171452
1003161
1182657
1306140
1565673
245909
150213
1263954
1170896
144078
1091737
1581163
1475014
1293666
338349
1378604
106931
1324756
1591447
200780
1548257
1516576
1029329
1222828
205169
1064928
1320615
1554825
1288128
215629
1401629
1139455
1230487
1464424
216882
1057956
1032975
1184206
1585922
123958
1263742
1258452
1111078
1354441
212834
122625
1051614
1147472
1535361
1408639
1180230
1591108
59609802_1.022522
1117839
59609802_1.028131
1547724
59609802_1.025851
1465293
59609802_1.024920
1046742
59609802_1.022265
1389337
59609802_2.027503
360311
59609802_1.023494
113186
59609802_1.029643
1063089
59609802_1.026109
170764
59609802_1.029068
1379348
59609802_1.023293
1550965
100463
1194549
23025
1171435
1043056
1232887
140241
1345744
1226181
1545900
1229628
1135904
1526067
208752
29550387#1_1.023164
1285203
29550387#1_1.026217
1169423
29550387#1_1.025617
172970
29550387#1_2.027307
1156627
29550387#1_1.023380
1565054
29550387#1_2.027843
1380293
29550387#1_2.026237
156025
1577027
1321604
220015
405281
1265155
1290805
1256222
1167985
1505808
1400865
1297186
189617
1569294
1016509
430512
1281443
289107
1163621
1020856
1150302
1126228
1402268
1377916
103862
1350070
1335894
260136
1082196
251209
268859
29550387#1_1.025229
1553710
29550387#1_1.024690
1211111
19659
1154525
1131601
1340772
1112840
465607
1105074
1222189
183844
250941
1262975
1446171
2641
1321221
1092351
1545380
1519352
1179611
1539351
39448
1232841
117446
29550387#1_1.023764
1213171
30748
207177
1359221
1003865
1160535
295357
1197201
1273195
1583884
1575344
59609802_1.022769
1111856
59609802_2.026995
1371834
59609802_1.028822
1478214
1111880
108349
1361935
1179090
1571464
1426473
1079691
1475429
1220559
1171667
1563863
1308466
1484286
1361073
129600
729913
1253660
1330854
1276911
1134362
1544438
285354
321193
376985
1119460
112211
1524812
14844
29550387#1_1.022345
1092917
1083681
1400290
29550387#1_2.026475
1522338
29550387#1_1.024723
1403285
29550387#1_1.023999
137131
29550387#1_2.027477
202417
29550387#1_2.026870
1324354
29550387#1_2.027815
133242
29550387#1_1.029093
1163003
29550387#1_2.027625
1307074
1093585
253547
1196573
1076749
1051879
1420110
1464665
443639
1247853
1490645
1119424
1228688
1530758
1329561
1384146
1231800
1180034
1103431
1044017
247218
1356931
1515443
269410
1277335
1429258
1430201
59609802_2.026187
1270996
59609802_1.022901
1064456
1409064
1437768
1352249
251917
138342
142764
1566696
1139108
1442149
1533034
1172238
1327195
1070547
1285196
1366645
1444370
1511294
1460383
1539202
249440
1163896
329436
1100302
1532850
1480087
331457
1030286
1483328
1466774
1507050
295470
1334017
362501
1514728
1187307
112599
29550387#1_1.028539
1185072
29550387#1_1.024695
1017873
29550387#1_1.022299
309877
238124
1264163
1294227
1455524
1333804
1054177
152068
1141708
1193816
1138836
1214895
1235185
1125536
1066497
1475224
167383
1380056
1304646
1526829
386562
1247532
1171094
1210163
596146
1102577
1509937
323767
170021
1205047
1542647
1045660
1411613
11919
1500474
1412469
1093759
1475241
258618
1334896
1189434
1217619
24491335#2_1.032199
1115470
1148332
1145740
1354079
1128811
149646
1463146
24491335#2_3.027111
1209716
24491335#2_2.028177
1113862
1465965
1395074
1150996
1243812
29550387#1_1.025418
142126
29550387#1_2.028047
1432381
29550387#1_2.026634
104225
29550387#1_1.031419
1185937
29550387#1_1.031261
1543328
29550387#1_1.029191
1332607
29550387#1_1.025523
1460793
1508649
23133
1323693
1536709
1133995
261327
1392488
1023750
1543005
1198430
1162766
137297
1589005
1472157
102116
1014544
1169262
170065
1375213
1178681
1232739
1048020
1215727
271640
1184009
1004615
1284642
556004
59609802_1.024700
248298
59609802_2.026909
1253448
59609802_2.025734
1199711
262902
1206419
172522
227476
1326148
1561272
1411585
1424888
1399469
1542340
19114
221544
1086305
1461595
1127882
1311869
1447452
1004904
1434120
1587931
1515562
1438638
138189
1418093
1107409
1464046
1279177
213362
59609802_2.025944
1108135
59609802_1.029211
1182995
59609802_1.032031
1292148
59609802_1.027973
1125528
1380443
1393861
1022385
1454149
1145056
1079342
1498807
194853
1380194
1506334
1417739
415276
1425914
237361
1001892
1171397
247523
1460938
1396736
1008589
1177028
150593
327984
1048025
1481948
1323331
40079
1068879
1066688
1278051
1526372
1072459
1085001
1123236
1483764
324217
1360392
1244866
1068423
1253884
1209771
1432833
250929
182170
175292
1510359
1187410
1459738
1345191
1068053
1490716
219455
1266414
438218
1207308
1399139
144152
362856
1039818
1575497
1250128
1075918
270795
1478225
1216296
198474
194280
211392
1091512
1560108
1542737
119069
285167
1564267
215662
549816
221049
1005495
1296986
1412590
1062035
1540460
100551
1351194
29550387#1_2.027019
134967
29550387#1_1.027181
1221183
29550387#1_2.025787
1387984
29550387#1_1.025889
1454411
29550387#1_2.027729
1587510
413024
1207935
29550387#1_1.024418
1567595
29550387#1_1.031780
259843
29550387#1_1.026951
1145285
29550387#1_1.028278
1556786
29550387#1_1.027488
1179938
29550387#1_1.026751
1389306
29550387#1_1.029076
1086002
29550387#1_1.025355
1452438
1255322
1427901
1271446
194002
420818
1226510
1273547
1304190
1459906
227142
1259814
1572340
242057
114332
1225219
1512707
1090177
1157700
28625
1004915
461783
1144312
1509214
167071
1048978
1157007
1307215
1106808
1056810
125026
190961
1532014
129196
1241796
59609802_1.025690
118378
59609802_2.028260
1522929
59609802_2.026648
259847
59609802_1.028870
224708
59609802_1.030733
230368
59609802_1.025491
1018585
59609802_2.025668
1111924
59609802_1.028142
353070
59609802_1.026991
1190926
1276292
1359684
1434119
1022770
1305348
1522711
462639
216734
1518817
1422512
1567135
1020252
1576345
233341
1350098
196665
1500593
1337692
1086174
1262450
1579170
1355230
1287770
1070290
1415865
1186077
1200046
1081225
1540445
1262918
1184331
1238641
1381185
168460
326487
1323332
506094
1297864
1145508
1014180
142995
1307174
1296060
1034789
1456989
1424310
1395386
1490074
1269816
1477903
1346572
1213829
152158
319441
1128434
1339594
1123351
158825
1139130
1005517
1113869
10509
1302743
1515828
1414737
1505187
1102624
1093772
1545776
1144528
1115440
120584
1009286
1235991
1049907
1420731
249466
273
1481401
1538274
59609802_2.026021
1262094
59609802_1.031767
1586312
59609802_1.030575
1121894
59609802_1.029944
1435535
59609802_2.025835
1036796
59609802_1.026828
1451692
59609802_2.027588
170091
59609802_2.025909
1484568
1568121
1557556
109622
1278185
1257909
1013074
1462244
1448536
1003965
1044566
196791
1214972
29550387#1_2.027562
1325415
29550387#1_1.031567
1130178
29550387#1_1.028490
1523376
29550387#1_1.026214
1247722
29550387#1_2.026341
1229054
29550387#1_1.030181
1573327
29550387#1_2.026162
1475621
29550387#1_2.027361
149103
29550387#1_1.025673
1294062
29550387#1_2.027743
1417807
29550387#1_1.030686
1165534
29550387#1_1.029788
115619
29550387#1_1.027270
1313504
29550387#1_1.027268
1161757
29550387#1_1.031767
400713
29550387#1_1.024518
1064823
1477948
1011384
1134513
1441233
1274601
1012891
1166104
194330
104945
1123727
306993
1350258
15489
1510975
164106
251179
1064227
1133236
1225389
1343109
1287594
176225
236380
1452172
1042393
12841
1060013
24491335#2_1.023236
131406
1479364
1135631
1024191
1089163
1400858
1477219
226092
1344524
1269252
24470
1287865
1480036
196986
1490355
1159978
1201330
1066964
1425305
1134254
1544583
120065
1048011
1249407
1028521
1371732
1430809
1359015
310363
1585250
1502679
351468
1105797
240012
1232194
219161
237526
1284215
1551976
1112957
262526
1524933
1035233
1279401
1277757
1085772
467695
333480
1537876
1492420
1265134
1055740
1095843
1456987
59609802_1.027136
1296450
59609802_1.026509
103718
59609802_1.030603
1583213
59609802_1.030287
387096
59609802_1.026742
1399577
59609802_2.025712
180918
59609802_2.027531
1304416
1069848
1369228
1063487
1341409
1282995
276304
1238479
1567998
1235780
1441822
1276537
115126
1513459
1359621
1496320
221348
1191666
49501
1097132
1012890
1475662
1415534
1353951
1103761
1085813
1038787
178186
1084759
1117412
135784
59609802_1.027072
1277907
59609802_2.026962
407570
59609802_1.030243
1530244
59609802_2.027136
1548057
59609802_1.028150
174096
59609802_2.025860
1470940
59609802_2.027009
1517145
1439696
1080346
139452
120532
1449072
1174482
1549199
1196370
1385637
1357196
1217765
1334651
241692
1149508
1015060
1203600
1425159
1574504
320631
1303981
303982
1343385
1509673
1563380
172507
1210621
262210
366663
1085135
120773
1585015
1071165
1157149
1462931
416033
1081585
1413966
1214900
1220355
1536165
1239576
1290616
1568759
1125031
25370
199381
1003925
1412101
1530019
1542875
212970
285755
1124613
180210
29550387#1_1.031965
26250
29550387#1_1.025351
252039
29550387#1_2.025772
1222118
1211146
184863
441768
1266133
1542989
1304523
123037
1100629
1265562
127161
1085308
1418377
1257723
1489946
1461359
1543532
1201307
1048718
1536960
1023235
1234904
1005266
1166171
1503590
1127591
1452960
1344542
1538026
1321737
1160055
1043854
1073234
1435472
120694
258595
1306543
110812
1525327
1382452
175244
1157358
1574322
29550387#1_1.026056
1344746
29550387#1_1.028514
1010852
29550387#1_2.025961
1577221
29550387#1_1.025451
1193864
210070
163811
1324430
1075456
1137920
1577895
1234274
1219655
1098006
23434
1103557
1397888
1528523
1520384
1177140
1152900
1582591
236855
1493989
131306
1211908
1305191
1054880
1428192
129648
1460259
59609802_1.029282
1579838
59609802_2.026945
1430425
59609802_1.025450
160286
59609802_1.025372
1269945
59609802_1.030194
1105474
59609802_1.026946
1388772
59609802_1.023531
1066641
59609802_2.026342
1489904
1177899
1501030
1412612
1510374
1066562
1167836
1428036
1360751
1080544
1278006
1332364
217705
1318140
1356049
1145
156077
103790
328996
1009125
502145
216245
269956
1397783
1110892
1529945
1270216
1399869
1435412
1281812
137391
1452819
1522689
1433738
1210373
1589608
1423907
121041
1134322
1337149
208898
198373
1388002
257227
249197
1029579
114337
1565622
1054342
1447068
231840
1059461
1108578
10841
11774
20280
1273194
1133065
143229
200238
1133276
1125183
1241065
1036026
1168949
1260802
1424985
1451117
1093571
29550387#1_1.024726
1444480
29550387#1_2.027147
1100927
29550387#1_2.027699
1378573
1020029
271097
1036027
1108111
1050384
116184
1331021
240414
176547
1455438
1313817
1413946
1515907
112821
1142742
1201229
126446
1191564
1508970
1138477
1084153
294081
1015455
265913
210790
24386
1151290
1398871
1516119
1452406
1111786
1252725
208944
1010787
176123
120880
1124330
1440456
1518826
1441756
1165134
1504069
1190683
328432
1077061
1043713
1058889
1196442
195727
143911
1028936
177416
189265
1040215
1351928
407361
1224862
150207
107999
57868214#1_1.027553
1040561
57868214#1_3.027263
157944
1579621
1351207
57868214#1_1.030100
1318087
57868214#1_1.030793
292690
1076279
150369
1192758
1372176
132576
203096
131750
1000357
306789
1401929
1265532
101559
1432230
1373235
1457377
1096009
1553680
1119608
1154101
1189980
1166639
1263168
1211291
1187945
1241676
225921
1545338
107949
1327019
59609802_2.027238
1523558
59609802_1.025507
1540509
59609802_1.023346
1183858
59609802_1.025656
205431
59609802_1.024040
130759
59609802_1.025769
1410889
59609802_1.023296
1419867
146379
111343
1071251
1453872
1168523
1285293
213025
146978
1032479
1247977
1591294
1364034
124048
1565980
59609802_1.023216
1350307
59609802_2.025797
327286
59609802_1.030611
263395
59609802_1.024125
146950
59609802_1.027205
1302142
59609802_1.025232
1311920
1249097
166031
1464759
168544
29550387#1_1.021937
301197
29550387#1_1.024981
1118121
29550387#1_1.025812
291461
29550387#1_1.025817
1387880
29550387#1_1.026971
1435971
29550387#1_1.026857
195994
29550387#1_2.026882
1045004
29550387#1_1.021783
1000424
1195992
209404
1174645
1231314
1008331
1042311
1117561
1087160
1215948
1106818
132080
1445832
226985
1146914
1001661
206659
1025788
1250395
264996
1480386
1315608
1246976
470757
1311082
1576899
1173626
1246733
1013312
159262
1264346
1345854
1466945
1189745
1167722
1320373
1455437
1321279
316276
1443830
1587745
1341527
1378986
1295149
1059314
1023542
1528477
1034005
1563920
1549840
1469966
29550387#1_1.026902
1465500
29550387#1_1.026130
1004226
29550387#1_1.027612
1592281
29550387#1_1.025677
205656
1547755
1108478
1442133
1448901
1207346
1283773
1253888
1411189
1289200
1155350
1114717
1283774
1567064
1512698
1355593
1067836
126730
1192293
1454397
1186135
1480939
1253958
421287
1250396
232459
1235949
1028933
1033509
1163967
1474988
194906
279316
1343011
1461158
3217
1084174
1045273
1322046
1566111
113622
1549596
1139935
1273971
1077173
1221372
1219397
1113455
189409
175708
1560051
25002
339643
1454595
1137865
148243
1277674
1321340
1416629
1423001
1106039
102160
1314395
1510307
1358573
1096724
1157785
1025063
1045170
1562403
134445
215357
1404484
1285910
1256035
1086084
158865
1334107
1506692
1377042
396672
212794
239234
46745
1448623
1250824
262457
59609802_1.029562
1111389
59609802_1.022984
1372085
59609802_1.027670
1172933
125590
1016650
1366706
250940
213304
1246910
1333940
1077022
1164319
1349767
1561661
1447342
285725
1122229
1107099
1020583
1046215
1122658
1366694
151206
1168496
1537238
1463825
1029283
1248291
1341613
29550387#1_1.022957
176298
29550387#1_1.024697
1363314
1569187
225711
1079150
1306013
1165577
1202365
29550387#1_1.024731
418403
29550387#1_1.022364
1405384
29550387#1_1.027284
1115940
29550387#1_1.027394
1345763
1084595
1091739
1016383
1112382
1330328
1393127
196898
1363868
1531861
126284
1517389
1404476
1192004
1079467
1208004
31766
1502568
1390823
1093848
273675
106481
1349130
59609802_1.028770
1102229
59609802_1.026663
1281930
59609802_1.027509
1059457
1505997
1364945
100017
215992
1202676
119769
1331524
1134449
1297344
314242
59609802_2.027547
1106332
59609802_1.027618
1280483
59609802_1.022884
1265708
59609802_1.024860
1342225
59609802_1.025633
1484684
59609802_1.027687
1442196
59609802_1.025418
1486244
59609802_2.028247
1013054
1416667
1257179
59609802_1.029878
1212915
59609802_1.023072
1182014
59609802_1.021613
155693
59609802_1.025941
1092001
59609802_1.027254
175026
59609802_2.026760
1069427
59609802_1.022632
1268810
59609802_1.022875
1438633
59609802_1.022084
1139243
1064657
1247958
1255344
1083056
1272865
1504176
135702
281403
1284617
14585
1272864
189023
1071541
145582
1280359
307836
266120
167457
1165190
1097636
1212616
1407497
196299
251588
132930
1569212
1578737
1298655
1432564
1375263
1530921
1554826
1048976
1356212
1196352
206486
1355836
1005521
1083150
286033
441096
1177629
29550387#1_1.027993
1318288
255251
1419984
524206
1339463
1427945
1293991
164200
1276146
1474855
123228
1570099
1301039
1441568
1468669
269839
117299
1081339
1114089
1052716
152666
1583781
131421
1010927
1103808
29550387#1_2.025926
318156
1143450
1593277
147374
1366085
19750
1119739
242337
1378329
1520310
1304576
1055701
20195
1031751
1443155
1513181
1316522
1324483
1385036
179640
1496566
1200505
1246212
1370143
1103203
1358648
1109663
1586378
331023
135184
1296911
1563713
1141050
1590480
1171339
1157380
1276995
1204636
1485642
1227284
582291
1464508
1017082
1228303
211170
1292134
1286681
1353433
1286019
1207620
1293503
1340494
1431279
29550387#1_1.022837
1332539
29550387#1_1.024737
1143746
29550387#1_1.029337
1262201
29550387#1_2.025880
1488363
29550387#1_1.030318
335296
29550387#1_1.022156
1387400
29550387#1_1.022347
1161727
29550387#1_2.026862
1015566
166052
1293967
1550186
1306046
1488090
274
1342688
1036226
1198597
1313963
1101978
33873
59609802_1.029300
1378915
59609802_1.027033
103002
59609802_1.022670
1172624
1476951
1309823
1091655
1040203
1325741
1348561
1528987
165011
59609802_1.026179
1429857
59609802_1.026617
1549514
59609802_1.023710
186863
59609802_1.028554
122758
59609802_2.026575
1019623
59609802_1.023168
1522265
59609802_1.027984
407562
59609802_1.024560
100715
145902
151190
405150
1458153
179962
1396393
1296686
318027
1273479
1106466
1050572
1003396
1163365
1182096
1283309
114503
1007876
1157844
1419430
1367565
1405171
1506309
375349
1552800
1109688
1099909
382304
1510807
1403416
1159639
1046565
176854
1531888
1340151
1242654
1355359
57868214#1_1.022629
1437463
275856
132183
1346281
1395389
1438755
187172
1588335
1487565
1322316
1099137
10126
357645
198033
1011307
1513090
291882
1214715
1229531
1341432
1430195
1227886
1099136
1485182
1526371
1256045
1441341
1102658
1248876
1330860
1368603
338933
301388
1052039
1591919
1392797
31115
1163323
1412277
1462719
59609802_2.027991
385456
59609802_1.028673
1239436
59609802_1.027782
1273513
59609802_1.031927
1458065
59609802_1.029689
1235603
59609802_1.028820
1054364
59609802_2.026335
1478363
59609802_1.029806
1070658
1033116
187455
1120508
1125689
175983
357023
1347737
1312585
1166441
1155542
1154083
1416358
1357062
31344
213040
220876
1406166
1589770
1203408
146633
1109686
1079693
24491335#2_2.027090
1076638
1360082
1483473
1469620
1568723
100870
1381114
1073634
1566509
298479
1176331
271509
1484254
1249879
1352339
1114532
1134302
209441
202097
1372646
271833
352664
1279094
1304538
1429147
1464705
1295325
1048110
1398562
1478159
211481
1239903
1260165
1229518
1145290
226726
294463
1571561
1233478
1380154
1019270
1316062
1044858
371944
1104256
219396
1284957
1364261
1313329
24765
59609802_1.025295
147225
59609802_1.029473
1015749
59609802_1.021835
229199
59609802_1.027839
1090938
59609802_1.026283
1041444
59609802_1.025181
208248
59609802_2.025885
1069123
59609802_2.027750
318603
59609802_1.024931
1167870
1054476
1170789
1521351
1438346
1110701
156690
1554385
1386781
11174
1190419
203515
242819
20291
1348992
1342304
394048
141944
230703
25670
1270230
104469
1088472
1203173
1474802
59609802_1.027742
1450447
1329271
1454118
193163
13526
1078355
1137755
1354419
1080329
1216096
383438
1076903
1591863
113836
307694
1170031
1303872
1556048
175972
29550387#1_1.029815
1245892
29550387#1_1.024542
1382581
29550387#1_1.025159
1288174
29550387#1_2.027261
1041829
29550387#1_1.024636
426647
29550387#1_1.025632
1524218
29550387#1_1.026571
1388334
29550387#1_1.027120
16456
29550387#1_1.023087
1538919
237306
1193802
1111365
1388919
1418252
1179610
426148
173510
10099
1409612
151551
1134048
1376071
1341256
1829
123678
1113595
1550037
1022690
330157
1163865
1358395
59609802_1.023265
1364646
59609802_1.024933
1485982
59609802_1.029484
1091208
59609802_1.027713
1560199
59609802_1.022649
197201
59609802_1.025080
28760
59609802_1.023954
1521938
59609802_1.025750
1139055
59609802_1.029067
1223086
1550468
1401690
1269678
1383442
1338135
267758
264224
1370757
17471
1146305
1398911
1556586
1531173
1395492
1259363
1555502
1097485
170337
1173804
124601
1004716
1438056
1390587
115041
1528933
1256512
416231
1552055
13580
1234790
1258613
1391916
1265663
1143644
1358076
1545154
1110317
1354175
1258786
1450258
1264906
288765
1055441
576234
1277393
1115483
1520216
1221245
1311118
1278637
1353211
1131703
163088
1427094
1240091
1035833
218089
1480129
135669
1403796
1114024
335922
1234842
1049165
1375413
1435306
1158153
385848
1269690
1059167
1536743
1189506
1275813
241191
155921
138568
1530795
1280432
1258801
123692
1446740
1188974
1171762
213815
1080541
1453485
1038222
1168575
1325060
1215834
1314946
1421179
1392359
258003
234068
1514155
1048838
158166
1228175
1226891
1057554
1106819
1574589
247253
1227367
1258256
1108719
1372062
29550387#1_1.029641
1151895
29550387#1_1.024623
1023939
29550387#1_1.025081
1263820
1099281
135350
241690
1265723
1507283
1077704
1552784
1558486
1038484
1578849
1288745
1023959
1073121
18081
156261
1540748
1420735
1458846
134325
1012364
1407490
1103982
298183
1319008
29550387#1_1.029565
1185747
29550387#1_2.026307
1063090
1147829
1368
1579277
1060525
25848
1235987
59609802_1.021933
37851
59609802_1.024808
1001321
59609802_1.025850
1132559
59609802_1.028256
1240935
59609802_1.021765
267409
59609802_2.027336
1178770
59609802_2.026257
274871
59609802_1.025782
1500451
1360106
1282919
1121676
1317948
1067550
1521473
1307617
1044884
59609802_1.023451
1105316
59609802_2.027073
118468
59609802_1.026827
509635
59609802_1.027355
1510012
59609802_1.026467
1119106
59609802_1.029704
1069160
59609802_1.025496
230415
59609802_2.026042
1060955
59609802_1.030179
1372369
59609802_1.028459
1017359
59609802_1.022101
577197
59609802_1.024394
1067888
59609802_1.025478
1554024
59609802_1.025171
180729
1351242
1434134
1348774
1252768
1529130
1441409
1159716
1560496
1281057
1079465
1053073
1304630
1226802
1302335
1235770
1402627
1457559
1583518
1123437
38623
1558
1174209
1017590
1321361
1588028
166274
1585337
1004254
1114506
1394377
1239402
123981
1466926
218372
1334584
428
1151205
1039462
1052085
1330026
317750
1261232
1279828
1087846
1558955
1156280
323768
1538623
1260540
1287185
1277484
237572
1110268
149422
1352675
1055688
1094867
1506500
104672
1191009
238370
1430784
1399179
42953
1304807
1234421
170649
1121184
258906
129097
1231276
106856
1489798
144029
29550387#1_1.029345
1497599
29550387#1_2.027685
1568554
29550387#1_2.027557
1564072
1384147
346447
1299090
1288112
1036057
117768
1211159
113238
1411661
1114675
1149030
1021371
1360291
581162
1466557
1161995
1419954
136584
159901
248245
1562783
1592183
216147
1459796
29550387#1_1.029845
1523439
29550387#1_1.027043
1565058
29550387#1_1.024547
1045692
29550387#1_1.026038
1448718
29550387#1_1.026195
1151683
29550387#1_1.029325
1454304
29550387#1_1.029157
1135869
1055561
1485538
179916
1357056
1057441
1090939
1114543
1338616
1163174
24491335#2_1.027757
1043000
24491335#2_1.030139
1118458
24491335#2_3.026249
1037645
1480031
1371584
111539
1525740
1432766
1584141
1283569
1123509
436921
1492147
295372
1031674
1370540
1357678
1540627
1352965
1101822
1335222
1337695
1227314
29550387#1_2.026977
1449791
29550387#1_1.027643
1325295
29550387#1_1.028790
1097217
29550387#1_1.029495
1462350
29550387#1_1.028562
1257412
272000
1259920
1528052
1089786
1048467
1432900
1133996
246344
1169101
1203215
1199875
184348
59609802_1.028876
137114
59609802_1.031199
1447173
59609802_2.028157
1562937
59609802_2.028130
1273747
59609802_1.031043
119285
59609802_2.026695
338898
59609802_2.027217
1173001
59609802_1.024095
1042480
59609802_1.029218
1311011
59609802_1.026034
1526909
1287079
171281
1377585
1535139
123112
1347975
1243189
330431
124196
276699
1229899
1269220
179040
1219796
1209369
1133362
1365660
1371887
1028475
205271
1271600
1144025
125604
1406056
128994
1115464
1178559
1202397
1492567
1125969
1350587
1482299
1120064
1014096
1113301
1314984
239786
1466509
1517427
1134649
1536783
484852
1177061
1114088
304775
181842
1048428
1589580
321450
1131836
135600
351825
1045867
190089
1018562
1004316
1050255
1495119
1407820
1074012
1551730
1531530
165563
1111495
428409
185909
1129475
1085536
1478967
1099309
1135835
1403502
1353332
217099
1110176
1325418
1157561
1081290
1408519
1486414
122938
1133200
1027357
1403369
118272
239395
139534
1292124
1434220
1556490
1560043
1207936
1512520
1424788
29550387#1_1.025602
1134687
29550387#1_2.027917
1544355
29550387#1_2.026104
1139293
29550387#1_1.027894
1253502
29550387#1_1.024753
1079975
29550387#1_1.024318
1114877
29550387#1_1.030076
203192
29550387#1_1.031699
1101548
29550387#1_2.026042
1441126
29550387#1_2.026551
324790
233627
1358391
1028572
1041084
1175934
208978
119243
1211611
1543714
1007478
164139
333016
1302825
1390998
1200395
1248966
113636
1330875
1295415
155577
1477218
1446010
1449671
1518006
1000540
1229565
1048359
1279153
111710
1002434
147715
1463819
1152733
1196284
172417
1217937
1003999
1110758
1232634
1098750
104944
1198076
1303713
1232398
1020165
1519413
1567123
1150366
1110175
1263152
1464445
178634
1584801
1075284
19022
1201417
1144058
188893
1206887
1135346
1254068
1576196
1390431
157057
1535789
1244836
1024687
1025649
1214762
1154820
1253695
1154578
1137336
1448500
1113685
1366971
1008821
320237
1274373
140714
1387969
201128
1048771
1164146
1269817
1111302
329451
200008
111320
1580303
114270
1138948
1334695
1126547
59609802_2.027854
215112
59609802_1.026146
1402471
59609802_1.027627
163751
59609802_1.027065
1053227
59609802_1.027700
1163963
59609802_1.028774
1277724
59609802_1.032197
1346687
59609802_1.027999
1032108
59609802_1.025511
1143681
59609802_1.025223
114113
59609802_1.030587
1277535
59609802_1.031978
1549045
59609802_1.031751
1307139
59609802_2.028291
1419079
59609802_1.030011
1507385
59609802_2.026077
104345
59609802_1.024834
1254383
59609802_2.027022
1097851
59609802_1.031858
1078925
59609802_2.025960
1314238
59609802_1.028929
1464292
59609802_2.027803
312478
272497
288371
1321431
1354219
1454274
1060524
1484713
192963
29550387#1_1.030173
200244
29550387#1_1.028209
1113603
29550387#1_2.027390
1580979
29550387#1_1.026527
1508878
29550387#1_1.030272
1475503
29550387#1_1.029282
1142298
29550387#1_2.028232
25134
1171647
541621
1262595
1302293
270027
1053088
1007401
474016
235738
1545629
1011210
1381661
1065662
1246021
1309005
111836
1380195
1113988
355929
1000488
133619
114333
1006195
1527169
261450
1585778
1126944
1300758
1268604
1554207
1367927
1448983
1537321
1367161
1128491
1267362
1065524
1066385
1336987
208506
1332139
1404827
1148310
213646
241507
1238265
57868214#1_2.026968
1272994
1064696
1577580
57868214#1_1.032068
1317058
57868214#1_1.031477
1292308
57868214#1_2.027274
1374472
57868214#1_2.026902
1358780
1537518
1278366
1526597
1560582
368496
1360653
1143962
1143483
1362564
1501887
1060979
1559177
1428855
1202121
1093709
1514089
1270181
1478267
1388001
1060306
1585376
1287751
150652
1428530
124962
111657
1238752
1286758
1148003
1537019
127949
1401048
261103
1267448
1277641
1352490
148847
1012600
121614
